0 0 0.25 -0.01 -10.0 1.5708 0.0 0.0 0.5 0.0 0.0
0 1 0.25 0.01 10.0 -1.5708 0.0 0.0 -0.5 0.0 0.0
1 0 0.25 -0.01 -9.95 1.5708 0.0 0.0 0.5 0.0 0.5
1 1 0.25 0.01 9.95 -1.5708 0.0 0.0 -0.5 0.0 -0.5
2 0 0.25 -0.01 -9.9 1.5708 0.0 0.0 0.5 0.0 0.5
2 1 0.25 0.01 9.9 -1.5708 0.0 0.0 -0.5 0.0 -0.5
3 0 0.25 -0.01 -9.85 1.5708 0.0 0.0 0.5 0.0 0.5
3 1 0.25 0.01 9.85 -1.5708 0.0 0.0 -0.5 0.0 -0.5
4 0 0.25 -0.01 -9.8 1.5708 0.0 0.0 0.5 0.0 0.5
4 1 0.25 0.01 9.8 -1.5708 0.0 0.0 -0.5 0.0 -0.5
5 0 0.25 -0.01 -9.75 1.5708 0.0 0.0 0.5 0.0 0.5
5 1 0.25 0.01 9.75 -1.5708 0.0 0.0 -0.5 0.0 -0.5
6 0 0.25 -0.01 -9.7 1.5708 0.0 0.0 0.5 0.0 0.5
6 1 0.25 0.01 9.7 -1.5708 0.0 0.0 -0.5 0.0 -0.5
7 0 0.25 -0.01 -9.65 1.5708 0.0 0.0 0.5 0.0 0.5
7 1 0.25 0.01 9.65 -1.5708 0.0 0.0 -0.5 0.0 -0.5
8 0 0.25 -0.01 -9.6 1.5708 0.0 0.0 0.5 0.0 0.5
8 1 0.25 0.01 9.6 -1.5708 0.0 0.0 -0.5 0.0 -0.5
9 0 0.25 -0.01 -9.55 1.5708 0.0 0.0 0.5 0.0 0.5
9 1 0.25 0.01 9.55 -1.5708 0.0 0.0 -0.5 0.0 -0.5
10 0 0.25 -0.01 -9.5 1.5708 0.0 0.0 0.5 0.0 0.5
10 1 0.25 0.01 9.5 -1.5708 0.0 0.0 -0.5 0.0 -0.5
11 0 0.25 -0.01 -9.45 1.5708 0.0 0.0 0.5 0.0 0.5
11 1 0.25 0.01 9.45 -1.5708 0.0 0.0 -0.5 0.0 -0.5
12 0 0.25 -0.01 -9.4 1.5708 0.0 0.0 0.5 0.0 0.5
12 1 0.25 0.01 9.4 -1.5708 0.0 0.0 -0.5 0.0 -0.5
13 0 0.25 -0.01 -9.35 1.5708 0.0 0.0 0.5 0.0 0.5
13 1 0.25 0.01 9.35 -1.5708 0.0 0.0 -0.5 0.0 -0.5
14 0 0.25 -0.01 -9.3 1.5708 0.0 0.0 0.5 0.0 0.5
14 1 0.25 0.01 9.3 -1.5708 0.0 0.0 -0.5 0.0 -0.5
15 0 0.25 -0.01 -9.25 1.5708 0.0 0.0 0.5 0.0 0.5
15 1 0.25 0.01 9.25 -1.5708 0.0 0.0 -0.5 0.0 -0.5
16 0 0.25 -0.01 -9.2 1.5708 0.0 0.0 0.5 0.0 0.5
16 1 0.25 0.01 9.2 -1.5708 0.0 0.0 -0.5 0.0 -0.5
17 0 0.25 -0.01 -9.15 1.5708 0.0 0.0 0.5 0.0 0.5
17 1 0.25 0.01 9.15 -1.5708 0.0 0.0 -0.5 0.0 -0.5
18 0 0.25 -0.01 -9.1 1.5708 0.0 0.0 0.5 0.0 0.5
18 1 0.25 0.01 9.1 -1.5708 0.0 0.0 -0.5 0.0 -0.5
19 0 0.25 -0.01 -9.05 1.5708 0.0 0.0 0.5 0.0 0.5
19 1 0.25 0.01 9.05 -1.5708 0.0 0.0 -0.5 0.0 -0.5
20 0 0.25 -0.01 -9.0 1.5708 0.0 0.0 0.5 0.0 0.5
20 1 0.25 0.01 9.0 -1.5708 0.0 0.0 -0.5 0.0 -0.5
21 0 0.25 -0.01 -8.95 1.5708 0.0 0.0 0.5 0.0 0.5
21 1 0.25 0.01 8.95 -1.5708 0.0 0.0 -0.5 0.0 -0.5
22 0 0.25 -0.01 -8.9 1.5708 0.0 0.0 0.5 0.0 0.5
22 1 0.25 0.01 8.9 -1.5708 0.0 0.0 -0.5 0.0 -0.5
23 0 0.25 -0.01 -8.85 1.5708 0.0 0.0 0.5 0.0 0.5
23 1 0.25 0.01 8.85 -1.5708 0.0 0.0 -0.5 0.0 -0.5
24 0 0.25 -0.01 -8.8 1.5708 0.0 0.0 0.5 0.0 0.5
24 1 0.25 0.01 8.8 -1.5708 0.0 0.0 -0.5 0.0 -0.5
25 0 0.25 -0.01 -8.75 1.5708 0.0 0.0 0.5 0.0 0.5
25 1 0.25 0.01 8.75 -1.5708 0.0 0.0 -0.5 0.0 -0.5
26 0 0.25 -0.01 -8.7 1.5708 0.0 0.0 0.5 0.0 0.5
26 1 0.25 0.01 8.7 -1.5708 0.0 0.0 -0.5 0.0 -0.5
27 0 0.25 -0.01 -8.64999 1.5708 0.0 0.0 0.5 0.0 0.5
27 1 0.25 0.01 8.64999 -1.5708 0.0 0.0 -0.5 0.0 -0.5
28 0 0.25 -0.01 -8.59999 1.5708 0.0 0.0 0.5 0.0 0.5
28 1 0.25 0.01 8.59999 -1.5708 0.0 0.0 -0.5 0.0 -0.5
29 0 0.25 -0.01 -8.54999 1.5708 0.0 0.0 0.5 0.0 0.5
29 1 0.25 0.01 8.54999 -1.5708 0.0 0.0 -0.5 0.0 -0.5
30 0 0.25 -0.01 -8.49999 1.5708 0.0 0.0 0.5 0.0 0.5
30 1 0.25 0.01 8.49999 -1.5708 0.0 0.0 -0.5 0.0 -0.5
31 0 0.25 -0.01 -8.44999 1.5708 0.0 0.0 0.5 0.0 0.5
31 1 0.25 0.01 8.44999 -1.5708 0.0 0.0 -0.5 0.0 -0.5
32 0 0.25 -0.01 -8.39999 1.5708 0.0 0.0 0.5 0.0 0.5
32 1 0.25 0.01 8.39999 -1.5708 0.0 0.0 -0.5 0.0 -0.5
33 0 0.25 -0.01 -8.34999 1.5708 0.0 0.0 0.5 0.0 0.5
33 1 0.25 0.01 8.34999 -1.5708 0.0 0.0 -0.5 0.0 -0.5
34 0 0.25 -0.01 -8.29999 1.5708 0.0 0.0 0.5 0.0 0.5
34 1 0.25 0.01 8.29999 -1.5708 0.0 0.0 -0.5 0.0 -0.5
35 0 0.25 -0.01 -8.24999 1.5708 0.0 0.0 0.5 0.0 0.5
35 1 0.25 0.01 8.24999 -1.5708 0.0 0.0 -0.5 0.0 -0.5
36 0 0.25 -0.01 -8.19999 1.5708 0.0 0.0 0.5 0.0 0.5
36 1 0.25 0.01 8.19999 -1.5708 0.0 0.0 -0.5 0.0 -0.5
37 0 0.25 -0.01 -8.14999 1.5708 0.0 0.0 0.5 0.0 0.5
37 1 0.25 0.01 8.14999 -1.5708 0.0 0.0 -0.5 0.0 -0.5
38 0 0.25 -0.01 -8.09999 1.5708 0.0 0.0 0.5 0.0 0.5
38 1 0.25 0.01 8.09999 -1.5708 0.0 0.0 -0.5 0.0 -0.5
39 0 0.25 -0.01 -8.04999 1.5708 0.0 0.0 0.5 0.0 0.5
39 1 0.25 0.01 8.04999 -1.5708 0.0 0.0 -0.5 0.0 -0.5
40 0 0.25 -0.01 -7.99999 1.5708 0.0 0.0 0.5 0.0 0.5
40 1 0.25 0.01 7.99999 -1.5708 0.0 0.0 -0.5 0.0 -0.5
41 0 0.25 -0.01 -7.94999 1.5708 0.0 0.0 0.5 0.0 0.5
41 1 0.25 0.01 7.94999 -1.5708 0.0 0.0 -0.5 0.0 -0.5
42 0 0.25 -0.01 -7.89999 1.5708 0.0 0.0 0.5 0.0 0.5
42 1 0.25 0.01 7.89999 -1.5708 0.0 0.0 -0.5 0.0 -0.5
43 0 0.25 -0.01 -7.84999 1.5708 0.0 0.0 0.5 0.0 0.5
43 1 0.25 0.01 7.84999 -1.5708 0.0 0.0 -0.5 0.0 -0.5
44 0 0.25 -0.01 -7.79999 1.5708 0.0 0.0 0.5 0.0 0.5
44 1 0.25 0.01 7.79999 -1.5708 0.0 0.0 -0.5 0.0 -0.5
45 0 0.25 -0.01 -7.74999 1.5708 0.0 0.0 0.5 0.0 0.5
45 1 0.25 0.01 7.74999 -1.5708 0.0 0.0 -0.5 0.0 -0.5
46 0 0.25 -0.01 -7.69999 1.5708 0.0 0.0 0.5 0.0 0.5
46 1 0.25 0.01 7.69999 -1.5708 0.0 0.0 -0.5 0.0 -0.5
47 0 0.25 -0.01 -7.64999 1.5708 0.0 0.0 0.5 0.0 0.5
47 1 0.25 0.01 7.64999 -1.5708 0.0 0.0 -0.5 0.0 -0.5
48 0 0.25 -0.01 -7.59999 1.5708 0.0 0.0 0.5 0.0 0.5
48 1 0.25 0.01 7.59999 -1.5708 0.0 0.0 -0.5 0.0 -0.5
49 0 0.25 -0.01 -7.54999 1.5708 0.0 0.0 0.5 0.0 0.5
49 1 0.25 0.01 7.54999 -1.5708 0.0 0.0 -0.5 0.0 -0.5
50 0 0.25 -0.01 -7.49999 1.5708 0.0 0.0 0.5 0.0 0.5
50 1 0.25 0.01 7.49999 -1.5708 0.0 0.0 -0.5 0.0 -0.5
51 0 0.25 -0.01 -7.44999 1.5708 0.0 0.0 0.5 0.0 0.5
51 1 0.25 0.01 7.44999 -1.5708 0.0 0.0 -0.5 0.0 -0.5
52 0 0.25 -0.01 -7.39999 1.5708 0.0 0.0 0.5 0.0 0.5
52 1 0.25 0.01 7.39999 -1.5708 0.0 0.0 -0.5 0.0 -0.5
53 0 0.25 -0.01 -7.34999 1.5708 0.0 0.0 0.5 0.0 0.5
53 1 0.25 0.01 7.34999 -1.5708 0.0 0.0 -0.5 0.0 -0.5
54 0 0.25 -0.01 -7.29999 1.5708 0.0 0.0 0.5 0.0 0.5
54 1 0.25 0.01 7.29999 -1.5708 0.0 0.0 -0.5 0.0 -0.5
55 0 0.25 -0.01 -7.24999 1.5708 0.0 0.0 0.5 0.0 0.5
55 1 0.25 0.01 7.24999 -1.5708 0.0 0.0 -0.5 0.0 -0.5
56 0 0.25 -0.01 -7.19999 1.5708 0.0 0.0 0.5 0.0 0.5
56 1 0.25 0.01 7.19999 -1.5708 0.0 0.0 -0.5 0.0 -0.5
57 0 0.25 -0.01 -7.14999 1.5708 0.0 0.0 0.5 0.0 0.5
57 1 0.25 0.01 7.14999 -1.5708 0.0 0.0 -0.5 0.0 -0.5
58 0 0.25 -0.01 -7.09999 1.5708 0.0 0.0 0.5 0.0 0.5
58 1 0.25 0.01 7.09999 -1.5708 0.0 0.0 -0.5 0.0 -0.5
59 0 0.25 -0.01 -7.04999 1.5708 0.0 0.0 0.5 0.0 0.5
59 1 0.25 0.01 7.04999 -1.5708 0.0 0.0 -0.5 0.0 -0.5
60 0 0.25 -0.01 -6.99999 1.5708 0.0 0.0 0.5 0.0 0.5
60 1 0.25 0.01 6.99999 -1.5708 0.0 0.0 -0.5 0.0 -0.5
61 0 0.25 -0.01 -6.94999 1.5708 0.0 0.0 0.5 0.0 0.5
61 1 0.25 0.01 6.94999 -1.5708 0.0 0.0 -0.5 0.0 -0.5
62 0 0.25 -0.01 -6.89999 1.5708 0.0 0.0 0.5 0.0 0.5
62 1 0.25 0.01 6.89999 -1.5708 0.0 0.0 -0.5 0.0 -0.5
63 0 0.25 -0.01 -6.84999 1.5708 0.0 0.0 0.5 0.0 0.5
63 1 0.25 0.01 6.84999 -1.5708 0.0 0.0 -0.5 0.0 -0.5
64 0 0.25 -0.01 -6.79999 1.5708 0.0 0.0 0.5 0.0 0.5
64 1 0.25 0.01 6.79999 -1.5708 0.0 0.0 -0.5 0.0 -0.5
65 0 0.25 -0.01 -6.74999 1.5708 0.0 0.0 0.5 0.0 0.5
65 1 0.25 0.01 6.74999 -1.5708 0.0 0.0 -0.5 0.0 -0.5
66 0 0.25 -0.01 -6.69999 1.5708 0.0 0.0 0.5 0.0 0.5
66 1 0.25 0.01 6.69999 -1.5708 0.0 0.0 -0.5 0.0 -0.5
67 0 0.25 -0.01 -6.64999 1.5708 0.0 0.0 0.5 0.0 0.5
67 1 0.25 0.01 6.64999 -1.5708 0.0 0.0 -0.5 0.0 -0.5
68 0 0.25 -0.01 -6.59999 1.5708 0.0 0.0 0.5 0.0 0.5
68 1 0.25 0.01 6.59999 -1.5708 0.0 0.0 -0.5 0.0 -0.5
69 0 0.25 -0.01 -6.54999 1.5708 0.0 0.0 0.5 0.0 0.5
69 1 0.25 0.01 6.54999 -1.5708 0.0 0.0 -0.5 0.0 -0.5
70 0 0.25 -0.01 -6.49999 1.5708 0.0 0.0 0.5 0.0 0.5
70 1 0.25 0.01 6.49999 -1.5708 0.0 0.0 -0.5 0.0 -0.5
71 0 0.25 -0.01 -6.44999 1.5708 0.0 0.0 0.5 0.0 0.5
71 1 0.25 0.01 6.44999 -1.5708 0.0 0.0 -0.5 0.0 -0.5
72 0 0.25 -0.01 -6.39999 1.5708 0.0 0.0 0.5 0.0 0.5
72 1 0.25 0.01 6.39999 -1.5708 0.0 0.0 -0.5 0.0 -0.5
73 0 0.25 -0.01 -6.34999 1.5708 0.0 0.0 0.5 0.0 0.5
73 1 0.25 0.01 6.34999 -1.5708 0.0 0.0 -0.5 0.0 -0.5
74 0 0.25 -0.01 -6.29999 1.5708 0.0 0.0 0.5 0.0 0.5
74 1 0.25 0.01 6.29999 -1.5708 0.0 0.0 -0.5 0.0 -0.5
75 0 0.25 -0.01 -6.24999 1.5708 0.0 0.0 0.5 0.0 0.5
75 1 0.25 0.01 6.24999 -1.5708 0.0 0.0 -0.5 0.0 -0.5
76 0 0.25 -0.01 -6.19999 1.5708 0.0 0.0 0.5 0.0 0.5
76 1 0.25 0.01 6.19999 -1.5708 0.0 0.0 -0.5 0.0 -0.5
77 0 0.25 -0.01 -6.14999 1.5708 0.0 0.0 0.5 0.0 0.5
77 1 0.25 0.01 6.14999 -1.5708 0.0 0.0 -0.5 0.0 -0.5
78 0 0.25 -0.01 -6.09999 1.5708 0.0 0.0 0.5 0.0 0.5
78 1 0.25 0.01 6.09999 -1.5708 0.0 0.0 -0.5 0.0 -0.5
79 0 0.25 -0.01 -6.04998 1.5708 0.0 0.0 0.5 0.0 0.5
79 1 0.25 0.01 6.04998 -1.5708 0.0 0.0 -0.5 0.0 -0.5
80 0 0.25 -0.01 -5.99998 1.5708 0.0 0.0 0.5 0.0 0.5
80 1 0.25 0.01 5.99998 -1.5708 0.0 0.0 -0.5 0.0 -0.5
81 0 0.25 -0.01 -5.94998 1.5708 0.0 0.0 0.5 0.0 0.5
81 1 0.25 0.01 5.94998 -1.5708 0.0 0.0 -0.5 0.0 -0.5
82 0 0.25 -0.01 -5.89998 1.5708 0.0 0.0 0.5 0.0 0.5
82 1 0.25 0.01 5.89998 -1.5708 0.0 0.0 -0.5 0.0 -0.5
83 0 0.25 -0.01 -5.84998 1.5708 0.0 0.0 0.5 0.0 0.5
83 1 0.25 0.01 5.84998 -1.5708 0.0 0.0 -0.5 0.0 -0.5
84 0 0.25 -0.01 -5.79998 1.5708 0.0 0.0 0.5 0.0 0.5
84 1 0.25 0.01 5.79998 -1.5708 0.0 0.0 -0.5 0.0 -0.5
85 0 0.25 -0.01 -5.74998 1.5708 0.0 0.0 0.5 0.0 0.5
85 1 0.25 0.01 5.74998 -1.5708 0.0 0.0 -0.5 0.0 -0.5
86 0 0.25 -0.01 -5.69998 1.5708 0.0 0.0 0.5 0.0 0.5
86 1 0.25 0.01 5.69998 -1.5708 0.0 0.0 -0.5 0.0 -0.5
87 0 0.25 -0.01 -5.64998 1.5708 0.0 0.0 0.5 0.0 0.5
87 1 0.25 0.01 5.64998 -1.5708 0.0 0.0 -0.5 0.0 -0.5
88 0 0.25 -0.01 -5.59998 1.5708 0.0 0.0 0.5 0.0 0.5
88 1 0.25 0.01 5.59998 -1.5708 0.0 0.0 -0.5 0.0 -0.5
89 0 0.25 -0.01 -5.54998 1.5708 0.0 0.0 0.5 0.0 0.5
89 1 0.25 0.01 5.54998 -1.5708 0.0 0.0 -0.5 0.0 -0.5
90 0 0.25 -0.01 -5.49998 1.5708 0.0 0.0 0.5 0.0 0.5
90 1 0.25 0.01 5.49998 -1.5708 0.0 0.0 -0.5 0.0 -0.5
91 0 0.25 -0.01 -5.44998 1.5708 0.0 0.0 0.5 0.0 0.5
91 1 0.25 0.01 5.44998 -1.5708 0.0 0.0 -0.5 0.0 -0.5
92 0 0.25 -0.01 -5.39998 1.5708 0.0 0.0 0.5 0.0 0.5
92 1 0.25 0.01 5.39998 -1.5708 0.0 0.0 -0.5 0.0 -0.5
93 0 0.25 -0.01 -5.34998 1.5708 0.0 0.0 0.5 0.0 0.5
93 1 0.25 0.01 5.34998 -1.5708 0.0 0.0 -0.5 0.0 -0.5
94 0 0.25 -0.01 -5.29998 1.5708 0.0 0.0 0.5 0.0 0.5
94 1 0.25 0.01 5.29998 -1.5708 0.0 0.0 -0.5 0.0 -0.5
95 0 0.25 -0.01 -5.24998 1.5708 0.0 0.0 0.5 0.0 0.5
95 1 0.25 0.01 5.24998 -1.5708 0.0 0.0 -0.5 0.0 -0.5
96 0 0.25 -0.01 -5.19998 1.5708 0.0 0.0 0.5 0.0 0.5
96 1 0.25 0.01 5.19998 -1.5708 0.0 0.0 -0.5 0.0 -0.5
97 0 0.25 -0.01 -5.14998 1.5708 0.0 0.0 0.5 0.0 0.5
97 1 0.25 0.01 5.14998 -1.5708 0.0 0.0 -0.5 0.0 -0.5
98 0 0.25 -0.01 -5.09998 1.5708 0.0 0.0 0.5 0.0 0.5
98 1 0.25 0.01 5.09998 -1.5708 0.0 0.0 -0.5 0.0 -0.5
99 0 0.25 -0.01 -5.04998 1.5708 0.0 0.0 0.5 0.0 0.5
99 1 0.25 0.01 5.04998 -1.5708 0.0 0.0 -0.5 0.0 -0.5
100 0 0.25 -0.01 -4.99998 1.5708 0.0 0.0 0.5 0.0 0.5
100 1 0.25 0.01 4.99998 -1.5708 0.0 0.0 -0.5 0.0 -0.5
101 0 0.25 -0.01 -4.94998 1.5708 0.0 0.0 0.5 0.0 0.5
101 1 0.25 0.01 4.94998 -1.5708 0.0 0.0 -0.5 0.0 -0.5
102 0 0.25 -0.01 -4.89998 1.5708 0.0 0.0 0.5 0.0 0.5
102 1 0.25 0.01 4.89998 -1.5708 0.0 0.0 -0.5 0.0 -0.5
103 0 0.25 -0.01 -4.84998 1.5708 0.0 0.0 0.5 0.0 0.5
103 1 0.25 0.01 4.84998 -1.5708 0.0 0.0 -0.5 0.0 -0.5
104 0 0.25 -0.01 -4.79998 1.5708 0.0 0.0 0.5 0.0 0.5
104 1 0.25 0.01 4.79998 -1.5708 0.0 0.0 -0.5 0.0 -0.5
105 0 0.25 -0.01 -4.74998 1.5708 0.0 0.0 0.5 0.0 0.5
105 1 0.25 0.01 4.74998 -1.5708 0.0 0.0 -0.5 0.0 -0.5
106 0 0.25 -0.01 -4.69998 1.5708 0.0 0.0 0.5 0.0 0.5
106 1 0.25 0.01 4.69998 -1.5708 0.0 0.0 -0.5 0.0 -0.5
107 0 0.25 -0.01 -4.64998 1.5708 0.0 0.0 0.5 0.0 0.5
107 1 0.25 0.01 4.64998 -1.5708 0.0 0.0 -0.5 0.0 -0.5
108 0 0.25 -0.01 -4.59998 1.5708 0.0 0.0 0.5 0.0 0.5
108 1 0.25 0.01 4.59998 -1.5708 0.0 0.0 -0.5 0.0 -0.5
109 0 0.25 -0.01 -4.54998 1.5708 0.0 0.0 0.5 0.0 0.5
109 1 0.25 0.01 4.54998 -1.5708 0.0 0.0 -0.5 0.0 -0.5
110 0 0.25 -0.01 -4.49998 1.5708 0.0 0.0 0.5 0.0 0.5
110 1 0.25 0.01 4.49998 -1.5708 0.0 0.0 -0.5 0.0 -0.5
111 0 0.25 -0.01 -4.44998 1.5708 0.0 0.0 0.5 0.0 0.5
111 1 0.25 0.01 4.44998 -1.5708 0.0 0.0 -0.5 0.0 -0.5
112 0 0.25 -0.01 -4.39998 1.5708 0.0 0.0 0.5 0.0 0.5
112 1 0.25 0.01 4.39998 -1.5708 0.0 0.0 -0.5 0.0 -0.5
113 0 0.25 -0.01 -4.34998 1.5708 0.0 0.0 0.5 0.0 0.5
113 1 0.25 0.01 4.34998 -1.5708 0.0 0.0 -0.5 0.0 -0.5
114 0 0.25 -0.01 -4.29998 1.5708 0.0 0.0 0.5 0.0 0.5
114 1 0.25 0.01 4.29998 -1.5708 0.0 0.0 -0.5 0.0 -0.5
115 0 0.25 -0.01 -4.24998 1.5708 0.0 0.0 0.5 0.0 0.5
115 1 0.25 0.01 4.24998 -1.5708 0.0 0.0 -0.5 0.0 -0.5
116 0 0.25 -0.01 -4.19998 1.5708 0.0 0.0 0.5 0.0 0.5
116 1 0.25 0.01 4.19998 -1.5708 0.0 0.0 -0.5 0.0 -0.5
117 0 0.25 -0.01 -4.14998 1.5708 0.0 0.0 0.5 0.0 0.5
117 1 0.25 0.01 4.14998 -1.5708 0.0 0.0 -0.5 0.0 -0.5
118 0 0.25 -0.01 -4.09998 1.5708 0.0 0.0 0.5 0.0 0.5
118 1 0.25 0.01 4.09998 -1.5708 0.0 0.0 -0.5 0.0 -0.5
119 0 0.25 -0.01 -4.04998 1.5708 0.0 0.0 0.5 0.0 0.5
119 1 0.25 0.01 4.04998 -1.5708 0.0 0.0 -0.5 0.0 -0.5
120 0 0.25 -0.01 -3.99998 1.5708 0.0 0.0 0.5 0.0 0.5
120 1 0.25 0.01 3.99998 -1.5708 0.0 0.0 -0.5 0.0 -0.5
121 0 0.25 -0.01 -3.94998 1.5708 0.0 0.0 0.5 0.0 0.5
121 1 0.25 0.01 3.94998 -1.5708 0.0 0.0 -0.5 0.0 -0.5
122 0 0.25 -0.01 -3.89998 1.5708 0.0 0.0 0.5 0.0 0.5
122 1 0.25 0.01 3.89998 -1.5708 0.0 0.0 -0.5 0.0 -0.5
123 0 0.25 -0.01 -3.84998 1.5708 0.0 0.0 0.5 0.0 0.5
123 1 0.25 0.01 3.84998 -1.5708 0.0 0.0 -0.5 0.0 -0.5
124 0 0.25 -0.01 -3.79998 1.5708 0.0 0.0 0.5 0.0 0.5
124 1 0.25 0.01 3.79998 -1.5708 0.0 0.0 -0.5 0.0 -0.5
125 0 0.25 -0.01 -3.74998 1.5708 0.0 0.0 0.5 0.0 0.5
125 1 0.25 0.01 3.74998 -1.5708 0.0 0.0 -0.5 0.0 -0.5
126 0 0.25 -0.01 -3.69998 1.5708 0.0 0.0 0.5 0.0 0.5
126 1 0.25 0.01 3.69998 -1.5708 0.0 0.0 -0.5 0.0 -0.5
127 0 0.25 -0.01 -3.64998 1.5708 0.0 0.0 0.5 0.0 0.5
127 1 0.25 0.01 3.64998 -1.5708 0.0 0.0 -0.5 0.0 -0.5
128 0 0.25 -0.01 -3.59998 1.5708 0.0 0.0 0.5 0.0 0.5
128 1 0.25 0.01 3.59998 -1.5708 0.0 0.0 -0.5 0.0 -0.5
129 0 0.25 -0.01 -3.54998 1.5708 0.0 0.0 0.5 0.0 0.5
129 1 0.25 0.01 3.54998 -1.5708 0.0 0.0 -0.5 0.0 -0.5
130 0 0.25 -0.01 -3.49998 1.5708 0.0 0.0 0.5 0.0 0.5
130 1 0.25 0.01 3.49998 -1.5708 0.0 0.0 -0.5 0.0 -0.5
131 0 0.25 -0.01 -3.44998 1.5708 0.0 0.0 0.5 0.0 0.5
131 1 0.25 0.01 3.44998 -1.5708 0.0 0.0 -0.5 0.0 -0.5
132 0 0.25 -0.01 -3.39998 1.5708 0.0 0.0 0.5 0.0 0.5
132 1 0.25 0.01 3.39998 -1.5708 0.0 0.0 -0.5 0.0 -0.5
133 0 0.25 -0.01 -3.34998 1.5708 0.0 0.0 0.5 0.0 0.5
133 1 0.25 0.01 3.34998 -1.5708 0.0 0.0 -0.5 0.0 -0.5
134 0 0.25 -0.01 -3.29998 1.5708 0.0 0.0 0.5 0.0 0.5
134 1 0.25 0.01 3.29998 -1.5708 0.0 0.0 -0.5 0.0 -0.5
135 0 0.25 -0.01 -3.24998 1.5708 0.0 0.0 0.5 0.0 0.5
135 1 0.25 0.01 3.24998 -1.5708 0.0 0.0 -0.5 0.0 -0.5
136 0 0.25 -0.01 -3.19998 1.5708 0.0 0.0 0.5 0.0 0.5
136 1 0.25 0.01 3.19998 -1.5708 0.0 0.0 -0.5 0.0 -0.5
137 0 0.25 -0.01 -3.14998 1.5708 0.0 0.0 0.5 0.0 0.5
137 1 0.25 0.01 3.14998 -1.5708 0.0 0.0 -0.5 0.0 -0.5
138 0 0.25 -0.01 -3.09998 1.5708 0.0 0.0 0.5 0.0 0.5
138 1 0.25 0.01 3.09998 -1.5708 0.0 0.0 -0.5 0.0 -0.5
139 0 0.25 -0.01 -3.04998 1.5708 0.0 0.0 0.5 0.0 0.5
139 1 0.25 0.01 3.04998 -1.5708 0.0 0.0 -0.5 0.0 -0.5
140 0 0.25 -0.01 -2.99998 1.5708 0.0 0.0 0.5 0.0 0.5
140 1 0.25 0.01 2.99998 -1.5708 0.0 0.0 -0.5 0.0 -0.5
141 0 0.25 -0.01 -2.94998 1.5708 0.0 0.0 0.5 0.0 0.5
141 1 0.25 0.01 2.94998 -1.5708 0.0 0.0 -0.5 0.0 -0.5
142 0 0.25 -0.01 -2.89998 1.5708 0.0 0.0 0.5 0.0 0.5
142 1 0.25 0.01 2.89998 -1.5708 0.0 0.0 -0.5 0.0 -0.5
143 0 0.25 -0.01 -2.84998 1.5708 0.0 0.0 0.5 0.0 0.5
143 1 0.25 0.01 2.84998 -1.5708 0.0 0.0 -0.5 0.0 -0.5
144 0 0.25 -0.01 -2.79998 1.5708 0.0 0.0 0.5 0.0 0.5
144 1 0.25 0.01 2.79998 -1.5708 0.0 0.0 -0.5 0.0 -0.5
145 0 0.25 -0.01 -2.74998 1.5708 0.0 0.0 0.5 0.0 0.5
145 1 0.25 0.01 2.74998 -1.5708 0.0 0.0 -0.5 0.0 -0.5
146 0 0.25 -0.01 -2.69998 1.5708 0.0 0.0 0.5 0.0 0.5
146 1 0.25 0.01 2.69998 -1.5708 0.0 0.0 -0.5 0.0 -0.5
147 0 0.25 -0.01 -2.64998 1.5708 0.0 0.0 0.5 0.0 0.5
147 1 0.25 0.01 2.64998 -1.5708 0.0 0.0 -0.5 0.0 -0.5
148 0 0.25 -0.01 -2.59998 1.5708 0.0 0.0 0.5 0.0 0.5
148 1 0.25 0.01 2.59998 -1.5708 0.0 0.0 -0.5 0.0 -0.5
149 0 0.25 -0.01 -2.54998 1.5708 0.0 0.0 0.5 0.0 0.5
149 1 0.25 0.01 2.54998 -1.5708 0.0 0.0 -0.5 0.0 -0.5
150 0 0.25 -0.01 -2.49998 1.5708 0.0 0.0 0.5 0.0 0.5
150 1 0.25 0.01 2.49998 -1.5708 0.0 0.0 -0.5 0.0 -0.5
151 0 0.25 -0.01 -2.44998 1.5708 0.0 0.0 0.5 0.0 0.5
151 1 0.25 0.01 2.44998 -1.5708 0.0 0.0 -0.5 0.0 -0.5
152 0 0.25 -0.01 -2.39998 1.5708 0.0 0.0 0.5 0.0 0.5
152 1 0.25 0.01 2.39998 -1.5708 0.0 0.0 -0.5 0.0 -0.5
153 0 0.25 -0.01 -2.34998 1.5708 0.0 0.0 0.5 0.0 0.5
153 1 0.25 0.01 2.34998 -1.5708 0.0 0.0 -0.5 0.0 -0.5
154 0 0.25 -0.01 -2.29998 1.5708 0.0 0.0 0.5 0.0 0.5
154 1 0.25 0.01 2.29998 -1.5708 0.0 0.0 -0.5 0.0 -0.5
155 0 0.25 -0.01 -2.24998 1.5708 0.0 0.0 0.5 0.0 0.5
155 1 0.25 0.01 2.24998 -1.5708 0.0 0.0 -0.5 0.0 -0.5
156 0 0.25 -0.01 -2.19998 1.5708 0.0 0.0 0.5 0.0 0.5
156 1 0.25 0.01 2.19998 -1.5708 0.0 0.0 -0.5 0.0 -0.5
157 0 0.25 -0.01 -2.14998 1.5708 0.0 0.0 0.5 0.0 0.5
157 1 0.25 0.01 2.14998 -1.5708 0.0 0.0 -0.5 0.0 -0.5
158 0 0.25 -0.01 -2.09998 1.5708 0.0 0.0 0.5 0.0 0.5
158 1 0.25 0.01 2.09998 -1.5708 0.0 0.0 -0.5 0.0 -0.5
159 0 0.25 -0.01 -2.04998 1.5708 0.0 0.0 0.5 0.0 0.5
159 1 0.25 0.01 2.04998 -1.5708 0.0 0.0 -0.5 0.0 -0.5
160 0 0.25 -0.01 -1.99998 1.5708 0.0 0.0 0.5 0.0 0.5
160 1 0.25 0.01 1.99998 -1.5708 0.0 0.0 -0.5 0.0 -0.5
161 0 0.25 -0.01 -1.94998 1.5708 0.0 0.0 0.5 0.0 0.5
161 1 0.25 0.01 1.94998 -1.5708 0.0 0.0 -0.5 0.0 -0.5
162 0 0.25 -0.01 -1.89998 1.5708 0.0 0.0 0.5 0.0 0.5
162 1 0.25 0.01 1.89998 -1.5708 0.0 0.0 -0.5 0.0 -0.5
163 0 0.25 -0.01 -1.84998 1.5708 0.0 0.0 0.5 0.0 0.5
163 1 0.25 0.01 1.84998 -1.5708 0.0 0.0 -0.5 0.0 -0.5
164 0 0.25 -0.01 -1.79998 1.5708 0.0 0.0 0.5 0.0 0.5
164 1 0.25 0.01 1.79998 -1.5708 0.0 0.0 -0.5 0.0 -0.5
165 0 0.25 -0.01 -1.74998 1.5708 0.0 0.0 0.5 0.0 0.5
165 1 0.25 0.01 1.74998 -1.5708 0.0 0.0 -0.5 0.0 -0.5
166 0 0.25 -0.01 -1.69998 1.5708 0.0 0.0 0.5 0.0 0.5
166 1 0.25 0.01 1.69998 -1.5708 0.0 0.0 -0.5 0.0 -0.5
167 0 0.25 -0.0100829 -1.65164 1.57251 0.0 0.0 0.5 -0.000828558 0.483431
167 1 0.25 0.0100829 1.65164 -1.56908 0.0 0.0 -0.5 0.000828558 -0.483431
168 0 0.25 -0.0102861 -1.6049 1.57514 0.0 0.0 0.5 -0.00203226 0.467387
168 1 0.25 0.0102861 1.6049 -1.56645 0.0 0.0 -0.5 0.00203226 -0.467387
169 0 0.25 -0.0106731 -1.5597 1.57936 0.0 1.23259e-05 0.5 -0.00387043 0.451951
169 1 0.25 0.0106731 1.5597 -1.56223 0.0 -1.23259e-05 -0.5 0.00387043 -0.451951
170 0 0.25 -0.0113566 -1.51598 1.58643 0.0 2.91152e-05 0.5 -0.00683524 0.437207
170 1 0.25 0.0113566 1.51598 -1.55516 0.0 -2.91152e-05 -0.5 0.00683524 -0.437207
171 0 0.25 -0.0125446 -1.47364 1.59884 0.0 5.89029e-05 0.5 -0.0118794 0.42343
171 1 0.25 0.0125446 1.47364 -1.54275 0.0 -5.89029e-05 -0.5 0.0118794 -0.42343
172 0 0.25 -0.0146303 -1.43249 1.62144 0.0 0.000110889 0.5 -0.0208575 0.411505
172 1 0.25 0.0146303 1.43249 -1.52015 0.0 -0.000110889 -0.5 0.0208575 -0.411505
173 0 0.25 -0.0183378 -1.39205 1.66222 0.0 0.000202508 0.5 -0.0370743 0.40441
173 1 0.25 0.0183378 1.39205 -1.47938 0.0 -0.000202508 -0.5 0.0370743 -0.40441
174 0 0.25 -0.0247024 -1.35088 1.72419 0.0 0.000365947 0.5 -0.0636463 0.411651
174 1 0.25 0.0247024 1.35088 -1.4174 0.0 -0.000365947 -0.5 0.0636463 -0.411651
175 0 0.25 -0.033462 -1.30563 1.76199 0.0 0.000647632 0.5 -0.0875961 0.45256
175 1 0.25 0.033462 1.30563 -1.3796 0.0 -0.000647632 -0.5 0.0875961 -0.45256
176 0 0.25 -0.0416539 -1.25702 1.73778 0.0 0.00103762 0.499999 -0.0819184 0.486017
176 1 0.25 0.0416539 1.25702 -1.40382 0.0 -0.00103762 -0.499999 0.0819184 -0.486017
177 0 0.25 -0.0498447 -1.20843 1.73778 0.0 0.00140596 0.499998 -0.0819081 0.485955
177 1 0.25 0.0498447 1.20843 -1.40382 0.0 -0.00140596 -0.499998 0.0819081 -0.485955
178 0 0.25 -0.0580344 -1.15984 1.73778 0.0 0.00177743 0.499997 -0.0818977 0.485893
178 1 0.25 0.0580344 1.15984 -1.40382 0.0 -0.00177743 -0.499997 0.0818977 -0.485893
179 0 0.25 -0.0662232 -1.11126 1.73778 0.0 0.00215209 0.499995 -0.0818871 0.485831
179 1 0.25 0.0662232 1.11126 -1.40382 0.0 -0.00215209 -0.499995 0.0818871 -0.485831
180 0 0.25 -0.0744108 -1.06268 1.73778 0.0 0.00252998 0.499994 -0.0818763 0.485767
180 1 0.25 0.0744108 1.06268 -1.40382 0.0 -0.00252998 -0.499994 0.0818763 -0.485767
181 0 0.25 -0.0825973 -1.01411 1.73778 0.0 0.00291113 0.499992 -0.0818655 0.485702
181 1 0.25 0.0825973 1.01411 -1.40382 0.0 -0.00291113 -0.499992 0.0818655 -0.485702
182 0 0.25 -0.0907828 -0.965546 1.73778 0.0 0.00329558 0.499989 -0.0818545 0.485637
182 1 0.25 0.0907828 0.965546 -1.40382 0.0 -0.00329558 -0.499989 0.0818545 -0.485637
183 0 0.25 -0.0989671 -0.916989 1.73778 0.0 0.00368338 0.499986 -0.0818433 0.485571
183 1 0.25 0.0989671 0.916989 -1.40382 0.0 -0.00368338 -0.499986 0.0818433 -0.485571
184 0 0.25 -0.10715 -0.868439 1.73778 0.0 0.00407457 0.499983 -0.081832 0.485504
184 1 0.25 0.10715 0.868439 -1.40382 0.0 -0.00407457 -0.499983 0.081832 -0.485504
185 0 0.25 -0.115332 -0.819895 1.73778 0.0 0.0044692 0.49998 -0.0818206 0.485436
185 1 0.25 0.115332 0.819895 -1.40382 0.0 -0.0044692 -0.49998 0.0818206 -0.485436
186 0 0.25 -0.123513 -0.771358 1.73778 0.0 0.0048673 0.499976 -0.081809 0.485367
186 1 0.25 0.123513 0.771358 -1.40382 0.0 -0.0048673 -0.499976 0.081809 -0.485367
187 0 0.25 -0.131693 -0.722829 1.73778 0.0 0.00526893 0.499972 -0.0817972 0.485297
187 1 0.25 0.131693 0.722829 -1.40382 0.0 -0.00526893 -0.499972 0.0817972 -0.485297
188 0 0.25 -0.139872 -0.674306 1.73778 0.0 0.00567412 0.499968 -0.0817853 0.485226
188 1 0.25 0.139872 0.674306 -1.40382 0.0 -0.00567412 -0.499968 0.0817853 -0.485226
189 0 0.25 -0.148049 -0.62579 1.73778 0.0 0.00608292 0.499963 -0.0817732 0.485155
189 1 0.25 0.148049 0.62579 -1.40382 0.0 -0.00608292 -0.499963 0.0817732 -0.485155
190 0 0.25 -0.156225 -0.577282 1.73778 0.0 0.00649538 0.499958 -0.0817609 0.485082
190 1 0.25 0.156225 0.577282 -1.40382 0.0 -0.00649538 -0.499958 0.0817609 -0.485082
191 0 0.25 -0.1644 -0.528781 1.73778 0.0 0.00691156 0.499952 -0.0817486 0.485009
191 1 0.25 0.1644 0.528781 -1.40382 0.0 -0.00691156 -0.499952 0.0817486 -0.485009
192 0 0.25 -0.172573 -0.480288 1.73778 0.0 0.00733148 0.499946 -0.081736 0.484934
192 1 0.25 0.172573 0.480288 -1.40382 0.0 -0.00733148 -0.499946 0.081736 -0.484934
193 0 0.25 -0.180746 -0.431802 1.73778 0.0 0.00775522 0.49994 -0.0817232 0.484858
193 1 0.25 0.180746 0.431802 -1.40382 0.0 -0.00775522 -0.49994 0.0817232 -0.484858
194 0 0.25 -0.188917 -0.383324 1.73778 0.0 0.00818281 0.499933 -0.0817103 0.484782
194 1 0.25 0.188917 0.383324 -1.40382 0.0 -0.00818281 -0.499933 0.0817103 -0.484782
195 0 0.25 -0.197086 -0.334854 1.73778 0.0 0.0086143 0.499926 -0.0816972 0.484704
195 1 0.25 0.197086 0.334854 -1.40382 0.0 -0.0086143 -0.499926 0.0816972 -0.484704
196 0 0.25 -0.205255 -0.286391 1.73778 0.0 0.00904975 0.499918 -0.0816839 0.484625
196 1 0.25 0.205255 0.286391 -1.40382 0.0 -0.00904975 -0.499918 0.0816839 -0.484625
197 0 0.25 -0.213422 -0.237937 1.73778 0.0 0.00948922 0.49991 -0.0816704 0.484545
197 1 0.25 0.213422 0.237937 -1.40382 0.0 -0.00948922 -0.49991 0.0816704 -0.484545
198 0 0.25 -0.221588 -0.18949 1.73778 0.0 0.00993275 0.499901 -0.0816567 0.484464
198 1 0.25 0.221588 0.18949 -1.40382 0.0 -0.00993275 -0.499901 0.0816567 -0.484464
199 0 0.25 -0.229752 -0.141052 1.73778 0.0 0.0103804 0.499892 -0.0816429 0.484382
199 1 0.25 0.229752 0.141052 -1.40382 0.0 -0.0103804 -0.499892 0.0816429 -0.484382
200 0 0.25 -0.237915 -0.0926223 1.73778 0.0 0.0108322 0.499883 -0.0816289 0.484298
200 1 0.25 0.237915 0.0926223 -1.40381 0.0 -0.0108322 -0.499883 0.0816289 -0.484298
201 0 0.25 -0.246076 -0.044201 1.73778 0.0 0.0112883 0.499873 -0.0816147 0.484214
201 1 0.25 0.246076 0.044201 -1.40381 0.0 -0.0112883 -0.499873 0.0816147 -0.484214
202 0 0.25 -0.254236 0.00421185 1.73778 0.0 0.0117486 0.499862 -0.0815998 0.484128
202 1 0.25 0.254236 -0.00421185 -1.40382 0.0 -0.0117486 -0.499862 0.0815998 -0.484128
203 0 0.25 -0.253015 0.0541969 1.54637 0.0 0.0122133 0.499851 0.0122133 0.499851
203 1 0.25 0.253015 -0.0541969 -1.59523 0.0 -0.0122133 -0.499851 -0.0122133 -0.499851
204 0 0.25 -0.251794 0.104182 1.54637 0.0 0.0122133 0.499851 0.0122133 0.499851
204 1 0.25 0.251794 -0.104182 -1.59523 0.0 -0.0122133 -0.499851 -0.0122133 -0.499851
205 0 0.25 -0.250572 0.154167 1.54637 0.0 0.0122133 0.499851 0.0122133 0.499851
205 1 0.25 0.250572 -0.154167 -1.59523 0.0 -0.0122133 -0.499851 -0.0122133 -0.499851
206 0 0.25 -0.249351 0.204152 1.54637 0.0 0.0122133 0.499851 0.0122133 0.499851
206 1 0.25 0.249351 -0.204152 -1.59523 0.0 -0.0122133 -0.499851 -0.0122133 -0.499851
207 0 0.25 -0.24813 0.254137 1.54637 0.0 0.0122133 0.499851 0.0122133 0.499851
207 1 0.25 0.24813 -0.254137 -1.59523 0.0 -0.0122133 -0.499851 -0.0122133 -0.499851
208 0 0.25 -0.246908 0.304122 1.54637 0.0 0.0122133 0.499851 0.0122133 0.499851
208 1 0.25 0.246908 -0.304122 -1.59523 0.0 -0.0122133 -0.499851 -0.0122133 -0.499851
209 0 0.25 -0.245687 0.354107 1.54637 0.0 0.0122133 0.499851 0.0122133 0.499851
209 1 0.25 0.245687 -0.354107 -1.59523 0.0 -0.0122133 -0.499851 -0.0122133 -0.499851
210 0 0.25 -0.244466 0.404092 1.54637 0.0 0.0122133 0.499851 0.0122133 0.499851
210 1 0.25 0.244466 -0.404092 -1.59523 0.0 -0.0122133 -0.499851 -0.0122133 -0.499851
211 0 0.25 -0.243244 0.454078 1.54637 0.0 0.0122133 0.499851 0.0122133 0.499851
211 1 0.25 0.243244 -0.454078 -1.59523 0.0 -0.0122133 -0.499851 -0.0122133 -0.499851
212 0 0.25 -0.242023 0.504063 1.54637 0.0 0.0122133 0.499851 0.0122133 0.499851
212 1 0.25 0.242023 -0.504063 -1.59523 0.0 -0.0122133 -0.499851 -0.0122133 -0.499851
213 0 0.25 -0.240802 0.554048 1.54637 0.0 0.0122133 0.499851 0.0122133 0.499851
213 1 0.25 0.240802 -0.554048 -1.59523 0.0 -0.0122133 -0.499851 -0.0122133 -0.499851
214 0 0.25 -0.23958 0.604033 1.54637 0.0 0.0122133 0.499851 0.0122133 0.499851
214 1 0.25 0.23958 -0.604033 -1.59523 0.0 -0.0122133 -0.499851 -0.0122133 -0.499851
215 0 0.25 -0.238359 0.654018 1.54637 0.0 0.0122133 0.499851 0.0122133 0.499851
215 1 0.25 0.238359 -0.654018 -1.59523 0.0 -0.0122133 -0.499851 -0.0122133 -0.499851
216 0 0.25 -0.237138 0.704003 1.54637 0.0 0.0122133 0.499851 0.0122133 0.499851
216 1 0.25 0.237138 -0.704003 -1.59523 0.0 -0.0122133 -0.499851 -0.0122133 -0.499851
217 0 0.25 -0.235916 0.753988 1.54637 0.0 0.0122133 0.499851 0.0122133 0.499851
217 1 0.25 0.235916 -0.753988 -1.59523 0.0 -0.0122133 -0.499851 -0.0122133 -0.499851
218 0 0.25 -0.234695 0.803973 1.54637 0.0 0.0122133 0.499851 0.0122133 0.499851
218 1 0.25 0.234695 -0.803973 -1.59523 0.0 -0.0122133 -0.499851 -0.0122133 -0.499851
219 0 0.25 -0.233474 0.853958 1.54637 0.0 0.0122133 0.499851 0.0122133 0.499851
219 1 0.25 0.233474 -0.853958 -1.59523 0.0 -0.0122133 -0.499851 -0.0122133 -0.499851
220 0 0.25 -0.232252 0.903943 1.54637 0.0 0.0122133 0.499851 0.0122133 0.499851
220 1 0.25 0.232252 -0.903943 -1.59523 0.0 -0.0122133 -0.499851 -0.0122133 -0.499851
221 0 0.25 -0.231031 0.953928 1.54637 0.0 0.0122133 0.499851 0.0122133 0.499851
221 1 0.25 0.231031 -0.953928 -1.59523 0.0 -0.0122133 -0.499851 -0.0122133 -0.499851
222 0 0.25 -0.22981 1.00391 1.54637 0.0 0.0122133 0.499851 0.0122133 0.499851
222 1 0.25 0.22981 -1.00391 -1.59523 0.0 -0.0122133 -0.499851 -0.0122133 -0.499851
223 0 0.25 -0.228588 1.0539 1.54637 0.0 0.0122133 0.499851 0.0122133 0.499851
223 1 0.25 0.228588 -1.0539 -1.59523 0.0 -0.0122133 -0.499851 -0.0122133 -0.499851
224 0 0.25 -0.227367 1.10388 1.54637 0.0 0.0122133 0.499851 0.0122133 0.499851
224 1 0.25 0.227367 -1.10388 -1.59523 0.0 -0.0122133 -0.499851 -0.0122133 -0.499851
225 0 0.25 -0.226146 1.15387 1.54637 0.0 0.0122133 0.499851 0.0122133 0.499851
225 1 0.25 0.226146 -1.15387 -1.59523 0.0 -0.0122133 -0.499851 -0.0122133 -0.499851
226 0 0.25 -0.224924 1.20385 1.54637 0.0 0.0122133 0.499851 0.0122133 0.499851
226 1 0.25 0.224924 -1.20385 -1.59523 0.0 -0.0122133 -0.499851 -0.0122133 -0.499851
227 0 0.25 -0.223703 1.25384 1.54637 0.0 0.0122133 0.499851 0.0122133 0.499851
227 1 0.25 0.223703 -1.25384 -1.59523 0.0 -0.0122133 -0.499851 -0.0122133 -0.499851
228 0 0.25 -0.222482 1.30382 1.54637 0.0 0.0122133 0.499851 0.0122133 0.499851
228 1 0.25 0.222482 -1.30382 -1.59523 0.0 -0.0122133 -0.499851 -0.0122133 -0.499851
229 0 0.25 -0.22126 1.35381 1.54637 0.0 0.0122133 0.499851 0.0122133 0.499851
229 1 0.25 0.22126 -1.35381 -1.59523 0.0 -0.0122133 -0.499851 -0.0122133 -0.499851
230 0 0.25 -0.220039 1.40379 1.54637 0.0 0.0122133 0.499851 0.0122133 0.499851
230 1 0.25 0.220039 -1.40379 -1.59523 0.0 -0.0122133 -0.499851 -0.0122133 -0.499851
231 0 0.25 -0.218818 1.45378 1.54637 0.0 0.0122133 0.499851 0.0122133 0.499851
231 1 0.25 0.218818 -1.45378 -1.59523 0.0 -0.0122133 -0.499851 -0.0122133 -0.499851
232 0 0.25 -0.217596 1.50376 1.54637 0.0 0.0122133 0.499851 0.0122133 0.499851
232 1 0.25 0.217596 -1.50376 -1.59523 0.0 -0.0122133 -0.499851 -0.0122133 -0.499851
233 0 0.25 -0.216375 1.55375 1.54637 0.0 0.0122133 0.499851 0.0122133 0.499851
233 1 0.25 0.216375 -1.55375 -1.59523 0.0 -0.0122133 -0.499851 -0.0122133 -0.499851
234 0 0.25 -0.215154 1.60373 1.54637 0.0 0.0122133 0.499851 0.0122133 0.499851
234 1 0.25 0.215154 -1.60373 -1.59523 0.0 -0.0122133 -0.499851 -0.0122133 -0.499851
235 0 0.25 -0.213932 1.65372 1.54637 0.0 0.0122133 0.499851 0.0122133 0.499851
235 1 0.25 0.213932 -1.65372 -1.59523 0.0 -0.0122133 -0.499851 -0.0122133 -0.499851
236 0 0.25 -0.212711 1.7037 1.54637 0.0 0.0122133 0.499851 0.0122133 0.499851
236 1 0.25 0.212711 -1.7037 -1.59523 0.0 -0.0122133 -0.499851 -0.0122133 -0.499851
237 0 0.25 -0.21149 1.75369 1.54637 0.0 0.0122133 0.499851 0.0122133 0.499851
237 1 0.25 0.21149 -1.75369 -1.59523 0.0 -0.0122133 -0.499851 -0.0122133 -0.499851
238 0 0.25 -0.210268 1.80367 1.54637 0.0 0.0122133 0.499851 0.0122133 0.499851
238 1 0.25 0.210268 -1.80367 -1.59523 0.0 -0.0122133 -0.499851 -0.0122133 -0.499851
239 0 0.25 -0.209047 1.85366 1.54637 0.0 0.0122133 0.499851 0.0122133 0.499851
239 1 0.25 0.209047 -1.85366 -1.59523 0.0 -0.0122133 -0.499851 -0.0122133 -0.499851
240 0 0.25 -0.207826 1.90364 1.54637 0.0 0.0122133 0.499851 0.0122133 0.499851
240 1 0.25 0.207826 -1.90364 -1.59523 0.0 -0.0122133 -0.499851 -0.0122133 -0.499851
241 0 0.25 -0.206604 1.95363 1.54637 0.0 0.0122133 0.499851 0.0122133 0.499851
241 1 0.25 0.206604 -1.95363 -1.59523 0.0 -0.0122133 -0.499851 -0.0122133 -0.499851
242 0 0.25 -0.205383 2.00361 1.54637 0.0 0.0122133 0.499851 0.0122133 0.499851
242 1 0.25 0.205383 -2.00361 -1.59523 0.0 -0.0122133 -0.499851 -0.0122133 -0.499851
243 0 0.25 -0.204162 2.0536 1.54637 0.0 0.0122133 0.499851 0.0122133 0.499851
243 1 0.25 0.204162 -2.0536 -1.59523 0.0 -0.0122133 -0.499851 -0.0122133 -0.499851
244 0 0.25 -0.20294 2.10358 1.54637 0.0 0.0122133 0.499851 0.0122133 0.499851
244 1 0.25 0.20294 -2.10358 -1.59523 0.0 -0.0122133 -0.499851 -0.0122133 -0.499851
245 0 0.25 -0.201719 2.15357 1.54637 0.0 0.0122133 0.499851 0.0122133 0.499851
245 1 0.25 0.201719 -2.15357 -1.59523 0.0 -0.0122133 -0.499851 -0.0122133 -0.499851
246 0 0.25 -0.200498 2.20356 1.54637 0.0 0.0122133 0.499851 0.0122133 0.499851
246 1 0.25 0.200498 -2.20356 -1.59523 0.0 -0.0122133 -0.499851 -0.0122133 -0.499851
247 0 0.25 -0.199276 2.25354 1.54637 0.0 0.0122133 0.499851 0.0122133 0.499851
247 1 0.25 0.199276 -2.25354 -1.59523 0.0 -0.0122133 -0.499851 -0.0122133 -0.499851
248 0 0.25 -0.198055 2.30353 1.54637 0.0 0.0122133 0.499851 0.0122133 0.499851
248 1 0.25 0.198055 -2.30353 -1.59523 0.0 -0.0122133 -0.499851 -0.0122133 -0.499851
249 0 0.25 -0.196834 2.35351 1.54637 0.0 0.0122133 0.499851 0.0122133 0.499851
249 1 0.25 0.196834 -2.35351 -1.59523 0.0 -0.0122133 -0.499851 -0.0122133 -0.499851
250 0 0.25 -0.195612 2.4035 1.54637 0.0 0.0122133 0.499851 0.0122133 0.499851
250 1 0.25 0.195612 -2.4035 -1.59523 0.0 -0.0122133 -0.499851 -0.0122133 -0.499851
251 0 0.25 -0.194391 2.45348 1.54637 0.0 0.0122133 0.499851 0.0122133 0.499851
251 1 0.25 0.194391 -2.45348 -1.59523 0.0 -0.0122133 -0.499851 -0.0122133 -0.499851
252 0 0.25 -0.19317 2.50347 1.54637 0.0 0.0122133 0.499851 0.0122133 0.499851
252 1 0.25 0.19317 -2.50347 -1.59523 0.0 -0.0122133 -0.499851 -0.0122133 -0.499851
253 0 0.25 -0.191948 2.55345 1.54637 0.0 0.0122133 0.499851 0.0122133 0.499851
253 1 0.25 0.191948 -2.55345 -1.59523 0.0 -0.0122133 -0.499851 -0.0122133 -0.499851
254 0 0.25 -0.190727 2.60344 1.54637 0.0 0.0122133 0.499851 0.0122133 0.499851
254 1 0.25 0.190727 -2.60344 -1.59523 0.0 -0.0122133 -0.499851 -0.0122133 -0.499851
255 0 0.25 -0.189506 2.65342 1.54637 0.0 0.0122133 0.499851 0.0122133 0.499851
255 1 0.25 0.189506 -2.65342 -1.59523 0.0 -0.0122133 -0.499851 -0.0122133 -0.499851
256 0 0.25 -0.188284 2.70341 1.54637 0.0 0.0122133 0.499851 0.0122133 0.499851
256 1 0.25 0.188284 -2.70341 -1.59523 0.0 -0.0122133 -0.499851 -0.0122133 -0.499851
257 0 0.25 -0.187063 2.75339 1.54637 0.0 0.0122133 0.499851 0.0122133 0.499851
257 1 0.25 0.187063 -2.75339 -1.59523 0.0 -0.0122133 -0.499851 -0.0122133 -0.499851
258 0 0.25 -0.185842 2.80338 1.54637 0.0 0.0122133 0.499851 0.0122133 0.499851
258 1 0.25 0.185842 -2.80338 -1.59523 0.0 -0.0122133 -0.499851 -0.0122133 -0.499851
259 0 0.25 -0.18462 2.85336 1.54637 0.0 0.0122133 0.499851 0.0122133 0.499851
259 1 0.25 0.18462 -2.85336 -1.59523 0.0 -0.0122133 -0.499851 -0.0122133 -0.499851
260 0 0.25 -0.183399 2.90335 1.54637 0.0 0.0122133 0.499851 0.0122133 0.499851
260 1 0.25 0.183399 -2.90335 -1.59523 0.0 -0.0122133 -0.499851 -0.0122133 -0.499851
261 0 0.25 -0.182178 2.95333 1.54637 0.0 0.0122133 0.499851 0.0122133 0.499851
261 1 0.25 0.182178 -2.95333 -1.59523 0.0 -0.0122133 -0.499851 -0.0122133 -0.499851
262 0 0.25 -0.180956 3.00332 1.54637 0.0 0.0122133 0.499851 0.0122133 0.499851
262 1 0.25 0.180956 -3.00332 -1.59523 0.0 -0.0122133 -0.499851 -0.0122133 -0.499851
263 0 0.25 -0.179735 3.0533 1.54637 0.0 0.0122133 0.499851 0.0122133 0.499851
263 1 0.25 0.179735 -3.0533 -1.59523 0.0 -0.0122133 -0.499851 -0.0122133 -0.499851
264 0 0.25 -0.178514 3.10329 1.54637 0.0 0.0122133 0.499851 0.0122133 0.499851
264 1 0.25 0.178514 -3.10329 -1.59523 0.0 -0.0122133 -0.499851 -0.0122133 -0.499851
265 0 0.25 -0.177292 3.15327 1.54637 0.0 0.0122133 0.499851 0.0122133 0.499851
265 1 0.25 0.177292 -3.15327 -1.59523 0.0 -0.0122133 -0.499851 -0.0122133 -0.499851
266 0 0.25 -0.176071 3.20326 1.54637 0.0 0.0122133 0.499851 0.0122133 0.499851
266 1 0.25 0.176071 -3.20326 -1.59523 0.0 -0.0122133 -0.499851 -0.0122133 -0.499851
267 0 0.25 -0.17485 3.25324 1.54637 0.0 0.0122133 0.499851 0.0122133 0.499851
267 1 0.25 0.17485 -3.25324 -1.59523 0.0 -0.0122133 -0.499851 -0.0122133 -0.499851
268 0 0.25 -0.173628 3.30323 1.54637 0.0 0.0122133 0.499851 0.0122133 0.499851
268 1 0.25 0.173628 -3.30323 -1.59523 0.0 -0.0122133 -0.499851 -0.0122133 -0.499851
269 0 0.25 -0.172407 3.35321 1.54637 0.0 0.0122133 0.499851 0.0122133 0.499851
269 1 0.25 0.172407 -3.35321 -1.59523 0.0 -0.0122133 -0.499851 -0.0122133 -0.499851
270 0 0.25 -0.171186 3.4032 1.54637 0.0 0.0122133 0.499851 0.0122133 0.499851
270 1 0.25 0.171186 -3.4032 -1.59523 0.0 -0.0122133 -0.499851 -0.0122133 -0.499851
271 0 0.25 -0.169964 3.45318 1.54637 0.0 0.0122133 0.499851 0.0122133 0.499851
271 1 0.25 0.169964 -3.45318 -1.59523 0.0 -0.0122133 -0.499851 -0.0122133 -0.499851
272 0 0.25 -0.168743 3.50317 1.54637 0.0 0.0122133 0.499851 0.0122133 0.499851
272 1 0.25 0.168743 -3.50317 -1.59523 0.0 -0.0122133 -0.499851 -0.0122133 -0.499851
273 0 0.25 -0.167522 3.55315 1.54637 0.0 0.0122133 0.499851 0.0122133 0.499851
273 1 0.25 0.167522 -3.55315 -1.59523 0.0 -0.0122133 -0.499851 -0.0122133 -0.499851
274 0 0.25 -0.1663 3.60314 1.54637 0.0 0.0122133 0.499851 0.0122133 0.499851
274 1 0.25 0.1663 -3.60314 -1.59523 0.0 -0.0122133 -0.499851 -0.0122133 -0.499851
275 0 0.25 -0.165079 3.65313 1.54637 0.0 0.0122133 0.499851 0.0122133 0.499851
275 1 0.25 0.165079 -3.65313 -1.59523 0.0 -0.0122133 -0.499851 -0.0122133 -0.499851
276 0 0.25 -0.163858 3.70311 1.54637 0.0 0.0122133 0.499851 0.0122133 0.499851
276 1 0.25 0.163858 -3.70311 -1.59523 0.0 -0.0122133 -0.499851 -0.0122133 -0.499851
277 0 0.25 -0.162636 3.7531 1.54637 0.0 0.0122133 0.499851 0.0122133 0.499851
277 1 0.25 0.162636 -3.7531 -1.59523 0.0 -0.0122133 -0.499851 -0.0122133 -0.499851
278 0 0.25 -0.161415 3.80308 1.54637 0.0 0.0122133 0.499851 0.0122133 0.499851
278 1 0.25 0.161415 -3.80308 -1.59523 0.0 -0.0122133 -0.499851 -0.0122133 -0.499851
279 0 0.25 -0.160194 3.85307 1.54637 0.0 0.0122133 0.499851 0.0122133 0.499851
279 1 0.25 0.160194 -3.85307 -1.59523 0.0 -0.0122133 -0.499851 -0.0122133 -0.499851
280 0 0.25 -0.158973 3.90305 1.54637 0.0 0.0122133 0.499851 0.0122133 0.499851
280 1 0.25 0.158973 -3.90305 -1.59523 0.0 -0.0122133 -0.499851 -0.0122133 -0.499851
281 0 0.25 -0.157751 3.95304 1.54637 0.0 0.0122133 0.499851 0.0122133 0.499851
281 1 0.25 0.157751 -3.95304 -1.59523 0.0 -0.0122133 -0.499851 -0.0122133 -0.499851
282 0 0.25 -0.15653 4.00302 1.54637 0.0 0.0122133 0.499851 0.0122133 0.499851
282 1 0.25 0.15653 -4.00302 -1.59523 0.0 -0.0122133 -0.499851 -0.0122133 -0.499851
283 0 0.25 -0.155309 4.05301 1.54637 0.0 0.0122133 0.499851 0.0122133 0.499851
283 1 0.25 0.155309 -4.05301 -1.59523 0.0 -0.0122133 -0.499851 -0.0122133 -0.499851
284 0 0.25 -0.154087 4.10299 1.54637 0.0 0.0122133 0.499851 0.0122133 0.499851
284 1 0.25 0.154087 -4.10299 -1.59523 0.0 -0.0122133 -0.499851 -0.0122133 -0.499851
285 0 0.25 -0.152866 4.15298 1.54637 0.0 0.0122133 0.499851 0.0122133 0.499851
285 1 0.25 0.152866 -4.15298 -1.59523 0.0 -0.0122133 -0.499851 -0.0122133 -0.499851
286 0 0.25 -0.151645 4.20296 1.54637 0.0 0.0122133 0.499851 0.0122133 0.499851
286 1 0.25 0.151645 -4.20296 -1.59523 0.0 -0.0122133 -0.499851 -0.0122133 -0.499851
287 0 0.25 -0.150423 4.25295 1.54637 0.0 0.0122133 0.499851 0.0122133 0.499851
287 1 0.25 0.150423 -4.25295 -1.59523 0.0 -0.0122133 -0.499851 -0.0122133 -0.499851
288 0 0.25 -0.149202 4.30293 1.54637 0.0 0.0122133 0.499851 0.0122133 0.499851
288 1 0.25 0.149202 -4.30293 -1.59523 0.0 -0.0122133 -0.499851 -0.0122133 -0.499851
289 0 0.25 -0.147981 4.35292 1.54637 0.0 0.0122133 0.499851 0.0122133 0.499851
289 1 0.25 0.147981 -4.35292 -1.59523 0.0 -0.0122133 -0.499851 -0.0122133 -0.499851
290 0 0.25 -0.146759 4.4029 1.54637 0.0 0.0122133 0.499851 0.0122133 0.499851
290 1 0.25 0.146759 -4.4029 -1.59523 0.0 -0.0122133 -0.499851 -0.0122133 -0.499851
291 0 0.25 -0.145538 4.45289 1.54637 0.0 0.0122133 0.499851 0.0122133 0.499851
291 1 0.25 0.145538 -4.45289 -1.59523 0.0 -0.0122133 -0.499851 -0.0122133 -0.499851
292 0 0.25 -0.144317 4.50287 1.54637 0.0 0.0122133 0.499851 0.0122133 0.499851
292 1 0.25 0.144317 -4.50287 -1.59523 0.0 -0.0122133 -0.499851 -0.0122133 -0.499851
293 0 0.25 -0.143095 4.55286 1.54637 0.0 0.0122133 0.499851 0.0122133 0.499851
293 1 0.25 0.143095 -4.55286 -1.59523 0.0 -0.0122133 -0.499851 -0.0122133 -0.499851
294 0 0.25 -0.141874 4.60284 1.54637 0.0 0.0122133 0.499851 0.0122133 0.499851
294 1 0.25 0.141874 -4.60284 -1.59523 0.0 -0.0122133 -0.499851 -0.0122133 -0.499851
295 0 0.25 -0.140653 4.65283 1.54637 0.0 0.0122133 0.499851 0.0122133 0.499851
295 1 0.25 0.140653 -4.65283 -1.59523 0.0 -0.0122133 -0.499851 -0.0122133 -0.499851
296 0 0.25 -0.139431 4.70281 1.54637 0.0 0.0122133 0.499851 0.0122133 0.499851
296 1 0.25 0.139431 -4.70281 -1.59523 0.0 -0.0122133 -0.499851 -0.0122133 -0.499851
297 0 0.25 -0.13821 4.7528 1.54637 0.0 0.0122133 0.499851 0.0122133 0.499851
297 1 0.25 0.13821 -4.7528 -1.59523 0.0 -0.0122133 -0.499851 -0.0122133 -0.499851
298 0 0.25 -0.136989 4.80278 1.54637 0.0 0.0122133 0.499851 0.0122133 0.499851
298 1 0.25 0.136989 -4.80278 -1.59523 0.0 -0.0122133 -0.499851 -0.0122133 -0.499851
299 0 0.25 -0.135767 4.85277 1.54637 0.0 0.0122133 0.499851 0.0122133 0.499851
299 1 0.25 0.135767 -4.85277 -1.59523 0.0 -0.0122133 -0.499851 -0.0122133 -0.499851
300 0 0.25 -0.134546 4.90275 1.54637 0.0 0.0122133 0.499851 0.0122133 0.499851
300 1 0.25 0.134546 -4.90275 -1.59523 0.0 -0.0122133 -0.499851 -0.0122133 -0.499851
301 0 0.25 -0.133325 4.95273 1.54637 0.0 0.0122133 0.499851 0.0122133 0.499851
301 1 0.25 0.133325 -4.95273 -1.59523 0.0 -0.0122133 -0.499851 -0.0122133 -0.499851
302 0 0.25 -0.132103 5.00272 1.54637 0.0 0.0122133 0.499851 0.0122133 0.499851
302 1 0.25 0.132103 -5.00272 -1.59523 0.0 -0.0122133 -0.499851 -0.0122133 -0.499851
303 0 0.25 -0.130882 5.0527 1.54637 0.0 0.0122133 0.499851 0.0122133 0.499851
303 1 0.25 0.130882 -5.0527 -1.59523 0.0 -0.0122133 -0.499851 -0.0122133 -0.499851
304 0 0.25 -0.129661 5.10269 1.54637 0.0 0.0122133 0.499851 0.0122133 0.499851
304 1 0.25 0.129661 -5.10269 -1.59523 0.0 -0.0122133 -0.499851 -0.0122133 -0.499851
305 0 0.25 -0.128439 5.15267 1.54637 0.0 0.0122133 0.499851 0.0122133 0.499851
305 1 0.25 0.128439 -5.15267 -1.59523 0.0 -0.0122133 -0.499851 -0.0122133 -0.499851
306 0 0.25 -0.127218 5.20266 1.54637 0.0 0.0122133 0.499851 0.0122133 0.499851
306 1 0.25 0.127218 -5.20266 -1.59523 0.0 -0.0122133 -0.499851 -0.0122133 -0.499851
307 0 0.25 -0.125997 5.25264 1.54637 0.0 0.0122133 0.499851 0.0122133 0.499851
307 1 0.25 0.125997 -5.25264 -1.59523 0.0 -0.0122133 -0.499851 -0.0122133 -0.499851
308 0 0.25 -0.124775 5.30263 1.54637 0.0 0.0122133 0.499851 0.0122133 0.499851
308 1 0.25 0.124775 -5.30263 -1.59523 0.0 -0.0122133 -0.499851 -0.0122133 -0.499851
309 0 0.25 -0.123554 5.35261 1.54637 0.0 0.0122133 0.499851 0.0122133 0.499851
309 1 0.25 0.123554 -5.35261 -1.59523 0.0 -0.0122133 -0.499851 -0.0122133 -0.499851
310 0 0.25 -0.122333 5.4026 1.54637 0.0 0.0122133 0.499851 0.0122133 0.499851
310 1 0.25 0.122333 -5.4026 -1.59523 0.0 -0.0122133 -0.499851 -0.0122133 -0.499851
311 0 0.25 -0.121111 5.45258 1.54637 0.0 0.0122133 0.499851 0.0122133 0.499851
311 1 0.25 0.121111 -5.45258 -1.59523 0.0 -0.0122133 -0.499851 -0.0122133 -0.499851
312 0 0.25 -0.11989 5.50257 1.54637 0.0 0.0122133 0.499851 0.0122133 0.499851
312 1 0.25 0.11989 -5.50257 -1.59523 0.0 -0.0122133 -0.499851 -0.0122133 -0.499851
313 0 0.25 -0.118669 5.55255 1.54637 0.0 0.0122133 0.499851 0.0122133 0.499851
313 1 0.25 0.118669 -5.55255 -1.59523 0.0 -0.0122133 -0.499851 -0.0122133 -0.499851
314 0 0.25 -0.117447 5.60254 1.54637 0.0 0.0122133 0.499851 0.0122133 0.499851
314 1 0.25 0.117447 -5.60254 -1.59523 0.0 -0.0122133 -0.499851 -0.0122133 -0.499851
315 0 0.25 -0.116226 5.65252 1.54637 0.0 0.0122133 0.499851 0.0122133 0.499851
315 1 0.25 0.116226 -5.65252 -1.59523 0.0 -0.0122133 -0.499851 -0.0122133 -0.499851
316 0 0.25 -0.115005 5.70251 1.54637 0.0 0.0122133 0.499851 0.0122133 0.499851
316 1 0.25 0.115005 -5.70251 -1.59523 0.0 -0.0122133 -0.499851 -0.0122133 -0.499851
317 0 0.25 -0.113783 5.75249 1.54637 0.0 0.0122133 0.499851 0.0122133 0.499851
317 1 0.25 0.113783 -5.75249 -1.59523 0.0 -0.0122133 -0.499851 -0.0122133 -0.499851
318 0 0.25 -0.112562 5.80248 1.54637 0.0 0.0122133 0.499851 0.0122133 0.499851
318 1 0.25 0.112562 -5.80248 -1.59523 0.0 -0.0122133 -0.499851 -0.0122133 -0.499851
319 0 0.25 -0.111341 5.85246 1.54637 0.0 0.0122133 0.499851 0.0122133 0.499851
319 1 0.25 0.111341 -5.85246 -1.59523 0.0 -0.0122133 -0.499851 -0.0122133 -0.499851
320 0 0.25 -0.110119 5.90245 1.54637 0.0 0.0122133 0.499851 0.0122133 0.499851
320 1 0.25 0.110119 -5.90245 -1.59523 0.0 -0.0122133 -0.499851 -0.0122133 -0.499851
321 0 0.25 -0.108898 5.95243 1.54637 0.0 0.0122133 0.499851 0.0122133 0.499851
321 1 0.25 0.108898 -5.95243 -1.59523 0.0 -0.0122133 -0.499851 -0.0122133 -0.499851
322 0 0.25 -0.107677 6.00242 1.54637 0.0 0.0122133 0.499851 0.0122133 0.499851
322 1 0.25 0.107677 -6.00242 -1.59523 0.0 -0.0122133 -0.499851 -0.0122133 -0.499851
323 0 0.25 -0.106455 6.0524 1.54637 0.0 0.0122133 0.499851 0.0122133 0.499851
323 1 0.25 0.106455 -6.0524 -1.59523 0.0 -0.0122133 -0.499851 -0.0122133 -0.499851
324 0 0.25 -0.105234 6.10239 1.54637 0.0 0.0122133 0.499851 0.0122133 0.499851
324 1 0.25 0.105234 -6.10239 -1.59523 0.0 -0.0122133 -0.499851 -0.0122133 -0.499851
325 0 0.25 -0.104013 6.15237 1.54637 0.0 0.0122133 0.499851 0.0122133 0.499851
325 1 0.25 0.104013 -6.15237 -1.59523 0.0 -0.0122133 -0.499851 -0.0122133 -0.499851
326 0 0.25 -0.102791 6.20236 1.54637 0.0 0.0122133 0.499851 0.0122133 0.499851
326 1 0.25 0.102791 -6.20236 -1.59523 0.0 -0.0122133 -0.499851 -0.0122133 -0.499851
327 0 0.25 -0.10157 6.25234 1.54637 0.0 0.0122133 0.499851 0.0122133 0.499851
327 1 0.25 0.10157 -6.25234 -1.59523 0.0 -0.0122133 -0.499851 -0.0122133 -0.499851
328 0 0.25 -0.100349 6.30233 1.54637 0.0 0.0122133 0.499851 0.0122133 0.499851
328 1 0.25 0.100349 -6.30233 -1.59523 0.0 -0.0122133 -0.499851 -0.0122133 -0.499851
329 0 0.25 -0.0991274 6.35231 1.54637 0.0 0.0122133 0.499851 0.0122133 0.499851
329 1 0.25 0.0991274 -6.35231 -1.59523 0.0 -0.0122133 -0.499851 -0.0122133 -0.499851
330 0 0.25 -0.097906 6.4023 1.54637 0.0 0.0122133 0.499851 0.0122133 0.499851
330 1 0.25 0.097906 -6.4023 -1.59523 0.0 -0.0122133 -0.499851 -0.0122133 -0.499851
331 0 0.25 -0.0966847 6.45228 1.54637 0.0 0.0122133 0.499851 0.0122133 0.499851
331 1 0.25 0.0966847 -6.45228 -1.59523 0.0 -0.0122133 -0.499851 -0.0122133 -0.499851
332 0 0.25 -0.0954634 6.50227 1.54637 0.0 0.0122133 0.499851 0.0122133 0.499851
332 1 0.25 0.0954634 -6.50227 -1.59523 0.0 -0.0122133 -0.499851 -0.0122133 -0.499851
333 0 0.25 -0.0942421 6.55225 1.54637 0.0 0.0122133 0.499851 0.0122133 0.499851
333 1 0.25 0.0942421 -6.55225 -1.59523 0.0 -0.0122133 -0.499851 -0.0122133 -0.499851
334 0 0.25 -0.0930207 6.60224 1.54637 0.0 0.0122133 0.499851 0.0122133 0.499851
334 1 0.25 0.0930207 -6.60224 -1.59523 0.0 -0.0122133 -0.499851 -0.0122133 -0.499851
335 0 0.25 -0.0917994 6.65222 1.54637 0.0 0.0122133 0.499851 0.0122133 0.499851
335 1 0.25 0.0917994 -6.65222 -1.59523 0.0 -0.0122133 -0.499851 -0.0122133 -0.499851
336 0 0.25 -0.0905781 6.70221 1.54637 0.0 0.0122133 0.499851 0.0122133 0.499851
336 1 0.25 0.0905781 -6.70221 -1.59523 0.0 -0.0122133 -0.499851 -0.0122133 -0.499851
337 0 0.25 -0.0893567 6.75219 1.54637 0.0 0.0122133 0.499851 0.0122133 0.499851
337 1 0.25 0.0893567 -6.75219 -1.59523 0.0 -0.0122133 -0.499851 -0.0122133 -0.499851
338 0 0.25 -0.0881354 6.80218 1.54637 0.0 0.0122133 0.499851 0.0122133 0.499851
338 1 0.25 0.0881354 -6.80218 -1.59523 0.0 -0.0122133 -0.499851 -0.0122133 -0.499851
339 0 0.25 -0.0869141 6.85216 1.54637 0.0 0.0122133 0.499851 0.0122133 0.499851
339 1 0.25 0.0869141 -6.85216 -1.59523 0.0 -0.0122133 -0.499851 -0.0122133 -0.499851
340 0 0.25 -0.0856927 6.90215 1.54637 0.0 0.0122133 0.499851 0.0122133 0.499851
340 1 0.25 0.0856927 -6.90215 -1.59523 0.0 -0.0122133 -0.499851 -0.0122133 -0.499851
341 0 0.25 -0.0844714 6.95213 1.54637 0.0 0.0122133 0.499851 0.0122133 0.499851
341 1 0.25 0.0844714 -6.95213 -1.59523 0.0 -0.0122133 -0.499851 -0.0122133 -0.499851
342 0 0.25 -0.0832501 7.00212 1.54637 0.0 0.0122133 0.499851 0.0122133 0.499851
342 1 0.25 0.0832501 -7.00212 -1.59523 0.0 -0.0122133 -0.499851 -0.0122133 -0.499851
343 0 0.25 -0.0820288 7.0521 1.54637 0.0 0.0122133 0.499851 0.0122133 0.499851
343 1 0.25 0.0820288 -7.0521 -1.59523 0.0 -0.0122133 -0.499851 -0.0122133 -0.499851
344 0 0.25 -0.0808074 7.10209 1.54637 0.0 0.0122133 0.499851 0.0122133 0.499851
344 1 0.25 0.0808074 -7.10209 -1.59523 0.0 -0.0122133 -0.499851 -0.0122133 -0.499851
345 0 0.25 -0.0795861 7.15207 1.54637 0.0 0.0122133 0.499851 0.0122133 0.499851
345 1 0.25 0.0795861 -7.15207 -1.59523 0.0 -0.0122133 -0.499851 -0.0122133 -0.499851
346 0 0.25 -0.0783648 7.20206 1.54637 0.0 0.0122133 0.499851 0.0122133 0.499851
346 1 0.25 0.0783648 -7.20206 -1.59523 0.0 -0.0122133 -0.499851 -0.0122133 -0.499851
347 0 0.25 -0.0771434 7.25204 1.54637 0.0 0.0122133 0.499851 0.0122133 0.499851
347 1 0.25 0.0771434 -7.25204 -1.59523 0.0 -0.0122133 -0.499851 -0.0122133 -0.499851
348 0 0.25 -0.0759221 7.30203 1.54637 0.0 0.0122133 0.499851 0.0122133 0.499851
348 1 0.25 0.0759221 -7.30203 -1.59523 0.0 -0.0122133 -0.499851 -0.0122133 -0.499851
349 0 0.25 -0.0747008 7.35201 1.54637 0.0 0.0122133 0.499851 0.0122133 0.499851
349 1 0.25 0.0747008 -7.35201 -1.59523 0.0 -0.0122133 -0.499851 -0.0122133 -0.499851
350 0 0.25 -0.0734795 7.402 1.54637 0.0 0.0122133 0.499851 0.0122133 0.499851
350 1 0.25 0.0734795 -7.402 -1.59523 0.0 -0.0122133 -0.499851 -0.0122133 -0.499851
351 0 0.25 -0.0722581 7.45198 1.54637 0.0 0.0122133 0.499851 0.0122133 0.499851
351 1 0.25 0.0722581 -7.45198 -1.59523 0.0 -0.0122133 -0.499851 -0.0122133 -0.499851
352 0 0.25 -0.0710368 7.50197 1.54637 0.0 0.0122133 0.499851 0.0122133 0.499851
352 1 0.25 0.0710368 -7.50197 -1.59523 0.0 -0.0122133 -0.499851 -0.0122133 -0.499851
353 0 0.25 -0.0698155 7.55195 1.54637 0.0 0.0122133 0.499851 0.0122133 0.499851
353 1 0.25 0.0698155 -7.55195 -1.59523 0.0 -0.0122133 -0.499851 -0.0122133 -0.499851
354 0 0.25 -0.0685941 7.60194 1.54637 0.0 0.0122133 0.499851 0.0122133 0.499851
354 1 0.25 0.0685941 -7.60194 -1.59523 0.0 -0.0122133 -0.499851 -0.0122133 -0.499851
355 0 0.25 -0.0673728 7.65192 1.54637 0.0 0.0122133 0.499851 0.0122133 0.499851
355 1 0.25 0.0673728 -7.65192 -1.59523 0.0 -0.0122133 -0.499851 -0.0122133 -0.499851
356 0 0.25 -0.0661515 7.70191 1.54637 0.0 0.0122133 0.499851 0.0122133 0.499851
356 1 0.25 0.0661515 -7.70191 -1.59523 0.0 -0.0122133 -0.499851 -0.0122133 -0.499851
357 0 0.25 -0.0649302 7.75189 1.54637 0.0 0.0122133 0.499851 0.0122133 0.499851
357 1 0.25 0.0649302 -7.75189 -1.59523 0.0 -0.0122133 -0.499851 -0.0122133 -0.499851
358 0 0.25 -0.0637088 7.80188 1.54637 0.0 0.0122133 0.499851 0.0122133 0.499851
358 1 0.25 0.0637088 -7.80188 -1.59523 0.0 -0.0122133 -0.499851 -0.0122133 -0.499851
359 0 0.25 -0.0624875 7.85186 1.54637 0.0 0.0122133 0.499851 0.0122133 0.499851
359 1 0.25 0.0624875 -7.85186 -1.59523 0.0 -0.0122133 -0.499851 -0.0122133 -0.499851
360 0 0.25 -0.0612662 7.90185 1.54637 0.0 0.0122133 0.499851 0.0122133 0.499851
360 1 0.25 0.0612662 -7.90185 -1.59523 0.0 -0.0122133 -0.499851 -0.0122133 -0.499851
361 0 0.25 -0.0600448 7.95183 1.54637 0.0 0.0122133 0.499851 0.0122133 0.499851
361 1 0.25 0.0600448 -7.95183 -1.59523 0.0 -0.0122133 -0.499851 -0.0122133 -0.499851
362 0 0.25 -0.0588235 8.00182 1.54637 0.0 0.0122133 0.499851 0.0122133 0.499851
362 1 0.25 0.0588235 -8.00182 -1.59523 0.0 -0.0122133 -0.499851 -0.0122133 -0.499851
363 0 0.25 -0.0576022 8.0518 1.54637 0.0 0.0122133 0.499851 0.0122133 0.499851
363 1 0.25 0.0576022 -8.0518 -1.59523 0.0 -0.0122133 -0.499851 -0.0122133 -0.499851
364 0 0.25 -0.0563808 8.10179 1.54637 0.0 0.0122133 0.499851 0.0122133 0.499851
364 1 0.25 0.0563808 -8.10179 -1.59523 0.0 -0.0122133 -0.499851 -0.0122133 -0.499851
365 0 0.25 -0.0551595 8.15177 1.54637 0.0 0.0122133 0.499851 0.0122133 0.499851
365 1 0.25 0.0551595 -8.15177 -1.59523 0.0 -0.0122133 -0.499851 -0.0122133 -0.499851
366 0 0.25 -0.0539382 8.20176 1.54637 0.0 0.0122133 0.499851 0.0122133 0.499851
366 1 0.25 0.0539382 -8.20176 -1.59523 0.0 -0.0122133 -0.499851 -0.0122133 -0.499851
367 0 0.25 -0.0527168 8.25174 1.54637 0.0 0.0122133 0.499851 0.0122133 0.499851
367 1 0.25 0.0527168 -8.25174 -1.59523 0.0 -0.0122133 -0.499851 -0.0122133 -0.499851
368 0 0.25 -0.0514955 8.30173 1.54637 0.0 0.0122133 0.499851 0.0122133 0.499851
368 1 0.25 0.0514955 -8.30173 -1.59523 0.0 -0.0122133 -0.499851 -0.0122133 -0.499851
369 0 0.25 -0.0502742 8.35171 1.54637 0.0 0.0122133 0.499851 0.0122133 0.499851
369 1 0.25 0.0502742 -8.35171 -1.59523 0.0 -0.0122133 -0.499851 -0.0122133 -0.499851
370 0 0.25 -0.0490528 8.4017 1.54637 0.0 0.0122133 0.499851 0.0122133 0.499851
370 1 0.25 0.0490528 -8.4017 -1.59523 0.0 -0.0122133 -0.499851 -0.0122133 -0.499851
371 0 0.25 -0.0478315 8.45168 1.54637 0.0 0.0122133 0.499851 0.0122133 0.499851
371 1 0.25 0.0478315 -8.45168 -1.59523 0.0 -0.0122133 -0.499851 -0.0122133 -0.499851
372 0 0.25 -0.0466102 8.50167 1.54637 0.0 0.0122133 0.499851 0.0122133 0.499851
372 1 0.25 0.0466102 -8.50167 -1.59523 0.0 -0.0122133 -0.499851 -0.0122133 -0.499851
373 0 0.25 -0.0453888 8.55165 1.54637 0.0 0.0122133 0.499851 0.0122133 0.499851
373 1 0.25 0.0453888 -8.55165 -1.59523 0.0 -0.0122133 -0.499851 -0.0122133 -0.499851
374 0 0.25 -0.0441675 8.60163 1.54637 0.0 0.0122133 0.499851 0.0122133 0.499851
374 1 0.25 0.0441675 -8.60163 -1.59523 0.0 -0.0122133 -0.499851 -0.0122133 -0.499851
375 0 0.25 -0.0429462 8.65162 1.54637 0.0 0.0122133 0.499851 0.0122133 0.499851
375 1 0.25 0.0429462 -8.65162 -1.59523 0.0 -0.0122133 -0.499851 -0.0122133 -0.499851
376 0 0.25 -0.0417249 8.7016 1.54637 0.0 0.0122133 0.499851 0.0122133 0.499851
376 1 0.25 0.0417249 -8.7016 -1.59523 0.0 -0.0122133 -0.499851 -0.0122133 -0.499851
377 0 0.25 -0.0405035 8.75159 1.54637 0.0 0.0122133 0.499851 0.0122133 0.499851
377 1 0.25 0.0405035 -8.75159 -1.59523 0.0 -0.0122133 -0.499851 -0.0122133 -0.499851
378 0 0.25 -0.0392822 8.80157 1.54637 0.0 0.0122133 0.499851 0.0122133 0.499851
378 1 0.25 0.0392822 -8.80157 -1.59523 0.0 -0.0122133 -0.499851 -0.0122133 -0.499851
379 0 0.25 -0.0380609 8.85156 1.54637 0.0 0.0122133 0.499851 0.0122133 0.499851
379 1 0.25 0.0380609 -8.85156 -1.59523 0.0 -0.0122133 -0.499851 -0.0122133 -0.499851
380 0 0.25 -0.0368395 8.90154 1.54637 0.0 0.0122133 0.499851 0.0122133 0.499851
380 1 0.25 0.0368395 -8.90154 -1.59523 0.0 -0.0122133 -0.499851 -0.0122133 -0.499851
381 0 0.25 -0.0356182 8.95153 1.54637 0.0 0.0122133 0.499851 0.0122133 0.499851
381 1 0.25 0.0356182 -8.95153 -1.59523 0.0 -0.0122133 -0.499851 -0.0122133 -0.499851
382 0 0.25 -0.0343969 9.00151 1.54637 0.0 0.0122133 0.499851 0.0122133 0.499851
382 1 0.25 0.0343969 -9.00151 -1.59523 0.0 -0.0122133 -0.499851 -0.0122133 -0.499851
383 0 0.25 -0.0331756 9.0515 1.54637 0.0 0.0122133 0.499851 0.0122133 0.499851
383 1 0.25 0.0331756 -9.0515 -1.59523 0.0 -0.0122133 -0.499851 -0.0122133 -0.499851
384 0 0.25 -0.0319542 9.10148 1.54637 0.0 0.0122133 0.499851 0.0122133 0.499851
384 1 0.25 0.0319542 -9.10148 -1.59523 0.0 -0.0122133 -0.499851 -0.0122133 -0.499851
385 0 0.25 -0.0307329 9.15147 1.54637 0.0 0.0122133 0.499851 0.0122133 0.499851
385 1 0.25 0.0307329 -9.15147 -1.59523 0.0 -0.0122133 -0.499851 -0.0122133 -0.499851
386 0 0.25 -0.0295116 9.20145 1.54637 0.0 0.0122133 0.499851 0.0122133 0.499851
386 1 0.25 0.0295116 -9.20145 -1.59523 0.0 -0.0122133 -0.499851 -0.0122133 -0.499851
387 0 0.25 -0.0282902 9.25144 1.54637 0.0 0.0122133 0.499851 0.0122133 0.499851
387 1 0.25 0.0282902 -9.25144 -1.59523 0.0 -0.0122133 -0.499851 -0.0122133 -0.499851
388 0 0.25 -0.0270689 9.30142 1.54637 0.0 0.0122133 0.499851 0.0122133 0.499851
388 1 0.25 0.0270689 -9.30142 -1.59523 0.0 -0.0122133 -0.499851 -0.0122133 -0.499851
389 0 0.25 -0.0258476 9.35141 1.54637 0.0 0.0122133 0.499851 0.0122133 0.499851
389 1 0.25 0.0258476 -9.35141 -1.59523 0.0 -0.0122133 -0.499851 -0.0122133 -0.499851
390 0 0.25 -0.0246263 9.40139 1.54637 0.0 0.0122133 0.499851 0.0122133 0.499851
390 1 0.25 0.0246263 -9.40139 -1.59523 0.0 -0.0122133 -0.499851 -0.0122133 -0.499851
391 0 0.25 -0.0234049 9.45138 1.54637 0.0 0.0122133 0.499851 0.0122133 0.499851
391 1 0.25 0.0234049 -9.45138 -1.59523 0.0 -0.0122133 -0.499851 -0.0122133 -0.499851
392 0 0.25 -0.0221836 9.50136 1.54637 0.0 0.0122133 0.499851 0.0122133 0.499851
392 1 0.25 0.0221836 -9.50136 -1.59523 0.0 -0.0122133 -0.499851 -0.0122133 -0.499851
393 0 0.25 -0.0209623 9.55135 1.54637 0.0 0.0122133 0.499851 0.0122133 0.499851
393 1 0.25 0.0209623 -9.55135 -1.59523 0.0 -0.0122133 -0.499851 -0.0122133 -0.499851
394 0 0.25 -0.0197409 9.60133 1.54637 0.0 0.0122133 0.499851 0.0122133 0.499851
394 1 0.25 0.0197409 -9.60133 -1.59523 0.0 -0.0122133 -0.499851 -0.0122133 -0.499851
395 0 0.25 -0.0185196 9.65132 1.54637 0.0 0.0122133 0.499851 0.0122133 0.499851
395 1 0.25 0.0185196 -9.65132 -1.59523 0.0 -0.0122133 -0.499851 -0.0122133 -0.499851
396 0 0.25 -0.0172983 9.7013 1.54637 0.0 0.0122133 0.499851 0.0122133 0.499851
396 1 0.25 0.0172983 -9.7013 -1.59523 0.0 -0.0122133 -0.499851 -0.0122133 -0.499851
397 0 0.25 -0.016077 9.75129 1.54637 0.0 0.0122133 0.499851 0.0122133 0.499851
397 1 0.25 0.016077 -9.75129 -1.59523 0.0 -0.0122133 -0.499851 -0.0122133 -0.499851
398 0 0.25 -0.0148556 9.80127 1.54637 0.0 0.0122132 0.499851 0.0122132 0.499851
398 1 0.25 0.0148556 -9.80127 -1.59523 0.0 -0.0122132 -0.499851 -0.0122132 -0.499851
