0 0.0 0.0 -10.0 0.0 0.0 1.34
1 0.0 0.0 10.0 0.0 0.0 -1.34
0 0.1 0.0 -9.95 0.0 0.0 1.34
1 0.1 0.0 9.95 0.0 0.0 -1.34
0 0.2 0.0 -9.85 0.0 0.0 1.34
1 0.2 0.0 9.85 0.0 0.0 -1.34
0 0.3 0.0 -9.716 0.0 0.0 1.34
1 0.3 0.0 9.716 0.0 0.0 -1.34
0 0.4 0.0 -9.582 0.0 0.0 1.34
1 0.4 0.0 9.582 0.0 0.0 -1.34
0 0.5 0.0 -9.448 0.0 0.0 1.34
1 0.5 0.0 9.448 0.0 0.0 -1.34
0 0.6 0.0 -9.314 0.0 0.0 1.34
1 0.6 0.0 9.314 0.0 0.0 -1.34
0 0.7 0.0 -9.18 0.0 0.0 1.34
1 0.7 0.0 9.18 0.0 0.0 -1.34
0 0.8 0.0 -9.046 0.0 0.0 1.34
1 0.8 0.0 9.046 0.0 0.0 -1.34
0 0.9 0.0 -8.912 0.0 0.0 1.34
1 0.9 0.0 8.912 0.0 0.0 -1.34
0 1.0 0.0 -8.778 0.0 0.0 1.34
1 1.0 0.0 8.778 0.0 0.0 -1.34
0 1.1 0.0 -8.644 0.0 0.0 1.34
1 1.1 0.0 8.644 0.0 0.0 -1.34
0 1.2 0.0 -8.51 0.0 0.0 1.34
1 1.2 0.0 8.51 0.0 0.0 -1.34
0 1.3 0.0 -8.376 0.0 0.0 1.34
1 1.3 0.0 8.376 0.0 0.0 -1.34
0 1.4 0.0 -8.242 0.0 0.0 1.34
1 1.4 0.0 8.242 0.0 0.0 -1.34
0 1.5 0.0 -8.108 0.0 0.0 1.34
1 1.5 0.0 8.108 0.0 0.0 -1.34
0 1.6 0.0 -7.974 0.0 0.0 1.34
1 1.6 0.0 7.974 0.0 0.0 -1.34
0 1.7 0.0 -7.84 0.0 0.0 1.34
1 1.7 0.0 7.84 0.0 0.0 -1.34
0 1.8 0.0 -7.706 0.0 0.0 1.34
1 1.8 0.0 7.706 0.0 0.0 -1.34
0 1.9 0.0 -7.572 0.0 0.0 1.34
1 1.9 0.0 7.572 0.0 0.0 -1.34
0 2.0 0.0 -7.438 0.0 0.0 1.34
1 2.0 0.0 7.438 0.0 0.0 -1.34
0 2.1 0.0 -7.304 0.0 0.0 1.34
1 2.1 0.0 7.304 0.0 0.0 -1.34
0 2.2 0.0 -7.17 0.0 0.0 1.34
1 2.2 0.0 7.17 0.0 0.0 -1.34
0 2.3 0.0 -7.036 0.0 0.0 1.34
1 2.3 0.0 7.036 0.0 0.0 -1.34
0 2.4 0.0 -6.902 0.0 0.0 1.34
1 2.4 0.0 6.902 0.0 0.0 -1.34
0 2.5 0.0 -6.768 0.0 0.0 1.34
1 2.5 0.0 6.768 0.0 0.0 -1.34
0 2.6 0.0 -6.634 0.0 0.0 1.34
1 2.6 0.0 6.634 0.0 0.0 -1.34
0 2.7 0.0 -6.5 0.0 0.0 1.34
1 2.7 0.0 6.5 0.0 0.0 -1.34
0 2.8 0.0 -6.366 0.0 0.0 1.34
1 2.8 0.0 6.366 0.0 0.0 -1.34
0 2.9 0.0 -6.232 0.0 0.0 1.34
1 2.9 0.0 6.232 0.0 0.0 -1.34
0 3.0 0.0 -6.098 0.0 0.0 1.34
1 3.0 0.0 6.098 0.0 0.0 -1.34
0 3.1 0.0 -5.964 0.0 0.0 1.34
1 3.1 0.0 5.964 0.0 0.0 -1.34
0 3.2 0.0 -5.83 0.0 0.0 1.34
1 3.2 0.0 5.83 0.0 0.0 -1.34
0 3.3 0.0 -5.696 0.0 0.0 1.34
1 3.3 0.0 5.696 0.0 0.0 -1.34
0 3.4 0.0 -5.56201 0.0 0.0 1.34
1 3.4 0.0 5.56201 0.0 0.0 -1.34
0 3.5 0.0 -5.42801 0.0 0.0 1.34
1 3.5 0.0 5.42801 0.0 0.0 -1.34
0 3.6 0.0 -5.29401 0.0 0.0 1.34
1 3.6 0.0 5.29401 0.0 0.0 -1.34
0 3.7 0.0 -5.16001 0.0 0.0 1.34
1 3.7 0.0 5.16001 0.0 0.0 -1.34
0 3.8 0.0 -5.02601 0.0 0.0 1.34
1 3.8 0.0 5.02601 0.0 0.0 -1.34
0 3.9 0.0 -4.89201 0.0 0.0 1.34
1 3.9 0.0 4.89201 0.0 0.0 -1.34
0 4.0 0.0 -4.75801 0.0 0.0 1.34
1 4.0 0.0 4.75801 0.0 0.0 -1.34
0 4.1 0.0 -4.62401 0.0 0.0 1.34
1 4.1 0.0 4.62401 0.0 0.0 -1.34
0 4.2 0.0 -4.49001 0.0 0.0 1.34
1 4.2 0.0 4.49001 0.0 0.0 -1.34
0 4.3 0.0 -4.35601 0.0 0.0 1.34
1 4.3 0.0 4.35601 0.0 0.0 -1.34
0 4.4 0.0 -4.22201 0.0 0.0 1.34
1 4.4 0.0 4.22201 0.0 0.0 -1.34
0 4.5 0.0 -4.08801 0.0 0.0 1.34
1 4.5 0.0 4.08801 0.0 0.0 -1.34
0 4.6 0.0 -3.95401 0.0 0.0 1.34
1 4.6 0.0 3.95401 0.0 0.0 -1.34
0 4.7 0.0 -3.82001 0.0 0.0 1.34
1 4.7 0.0 3.82001 0.0 0.0 -1.34
0 4.8 0.0 -3.68601 0.0 0.0 1.34
1 4.8 0.0 3.68601 0.0 0.0 -1.34
0 4.9 0.0 -3.55201 0.0 0.0 1.34
1 4.9 0.0 3.55201 0.0 0.0 -1.34
0 5.0 0.0 -3.41801 0.0 0.0 1.34
1 5.0 0.0 3.41801 0.0 0.0 -1.34
0 5.1 0.0 -3.28401 0.0 0.0 1.34
1 5.1 0.0 3.28401 0.0 0.0 -1.34
0 5.2 0.0 -3.15001 0.0 0.0 1.34
1 5.2 0.0 3.15001 0.0 0.0 -1.34
0 5.3 0.0 -3.01601 0.0 0.0 1.34
1 5.3 0.0 3.01601 0.0 0.0 -1.34
0 5.4 0.0 -2.88201 0.0 0.0 1.34
1 5.4 0.0 2.88201 0.0 0.0 -1.34
0 5.5 0.0 -2.74801 0.0 0.0 1.34
1 5.5 0.0 2.74801 0.0 0.0 -1.34
0 5.6 0.0 -2.61401 0.0 0.0 1.34
1 5.6 0.0 2.61401 0.0 0.0 -1.34
0 5.7 0.0 -2.48001 0.0 0.0 1.34
1 5.7 0.0 2.48001 0.0 0.0 -1.34
0 5.8 0.0129068 -2.34726 0.0 0.0 1.34
1 5.8 -0.0129068 2.34726 0.0 0.0 -1.34
0 5.9 0.0258124 -2.21453 0.0 -0.00140073 1.34
1 5.9 -0.0258124 2.21453 0.0 0.00140073 -1.34
0 6.0 0.0387165 -2.08181 0.0 -0.00283175 1.34
1 6.0 -0.0387165 2.08181 0.0 0.00283175 -1.34
0 6.1 0.0516193 -1.94911 0.0 -0.00429405 1.33999
1 6.1 -0.0516193 1.94911 0.0 0.00429405 -1.33999
0 6.2 0.0645206 -1.81642 0.0 -0.00578865 1.33999
1 6.2 -0.0645206 1.81642 0.0 0.00578865 -1.33999
0 6.3 0.0774204 -1.68375 0.0 -0.00731662 1.33998
1 6.3 -0.0774204 1.68375 0.0 0.00731662 -1.33998
0 6.4 0.0903186 -1.55109 0.0 -0.00887909 1.33997
1 6.4 -0.0903186 1.55109 0.0 0.00887909 -1.33997
0 6.5 0.103215 -1.41845 0.0 -0.0104772 1.33996
1 6.5 -0.103215 1.41845 0.0 0.0104772 -1.33996
0 6.6 0.11611 -1.28583 0.0 -0.0121122 1.33995
1 6.6 -0.11611 1.28583 0.0 0.0121122 -1.33995
0 6.7 0.129003 -1.15322 0.0 -0.0137854 1.33993
1 6.7 -0.129003 1.15322 0.0 0.0137854 -1.33993
0 6.8 0.141895 -1.02064 0.0 -0.015498 1.33991
1 6.8 -0.141895 1.02064 0.0 0.015498 -1.33991
0 6.9 0.154785 -0.888069 0.0 -0.0172516 1.33989
1 6.9 -0.154785 0.888069 0.0 0.0172516 -1.33989
0 7.0 0.167672 -0.75552 0.0 -0.0190475 1.33986
1 7.0 -0.167672 0.75552 0.0 0.0190475 -1.33986
0 7.1 0.180558 -0.622993 0.0 -0.0208873 1.33984
1 7.1 -0.180558 0.622993 0.0 0.0208873 -1.33984
0 7.2 0.193442 -0.490486 0.0 -0.0227726 1.33981
1 7.2 -0.193442 0.490486 0.0 0.0227726 -1.33981
0 7.3 0.206323 -0.358002 0.0 -0.024705 1.33977
1 7.3 -0.206323 0.358002 0.0 0.024705 -1.33977
0 7.4 0.219202 -0.22554 0.0 -0.0266864 1.33973
1 7.4 -0.219202 0.22554 0.0 0.0266864 -1.33973
0 7.5 0.232079 -0.0931019 0.0 -0.0287187 1.33969
1 7.5 -0.232079 0.0931019 0.0 0.0287187 -1.33969
0 7.6 0.244954 0.0393113 0.0 -0.0308036 1.33965
1 7.6 -0.244954 -0.0393113 0.0 0.0308036 -1.33965
0 7.7 0.24166 0.173271 0.0 -0.0329434 1.33959
1 7.7 -0.24166 -0.173271 0.0 0.0329434 -1.33959
0 7.8 0.238365 0.30723 0.0 -0.0329434 1.33959
1 7.8 -0.238365 -0.30723 0.0 0.0329434 -1.33959
0 7.9 0.235071 0.44119 0.0 -0.0329434 1.33959
1 7.9 -0.235071 -0.44119 0.0 0.0329434 -1.33959
0 8.0 0.231777 0.575149 0.0 -0.0329434 1.33959
1 8.0 -0.231777 -0.575149 0.0 0.0329434 -1.33959
0 8.1 0.228482 0.709109 0.0 -0.0329434 1.33959
1 8.1 -0.228482 -0.709109 0.0 0.0329434 -1.33959
0 8.2 0.225188 0.843068 0.0 -0.0329434 1.33959
1 8.2 -0.225188 -0.843068 0.0 0.0329434 -1.33959
0 8.3 0.221894 0.977028 0.0 -0.0329434 1.33959
1 8.3 -0.221894 -0.977028 0.0 0.0329434 -1.33959
0 8.4 0.218599 1.11099 0.0 -0.0329434 1.33959
1 8.4 -0.218599 -1.11099 0.0 0.0329434 -1.33959
0 8.5 0.215305 1.24495 0.0 -0.0329434 1.33959
1 8.5 -0.215305 -1.24495 0.0 0.0329434 -1.33959
0 8.6 0.212011 1.37891 0.0 -0.0329434 1.33959
1 8.6 -0.212011 -1.37891 0.0 0.0329434 -1.33959
0 8.7 0.208716 1.51287 0.0 -0.0329434 1.33959
1 8.7 -0.208716 -1.51287 0.0 0.0329434 -1.33959
0 8.8 0.205422 1.64683 0.0 -0.0329434 1.33959
1 8.8 -0.205422 -1.64683 0.0 0.0329434 -1.33959
0 8.9 0.202128 1.78079 0.0 -0.0329434 1.33959
1 8.9 -0.202128 -1.78079 0.0 0.0329434 -1.33959
0 9.0 0.198833 1.91474 0.0 -0.0329434 1.33959
1 9.0 -0.198833 -1.91474 0.0 0.0329434 -1.33959
0 9.1 0.195539 2.0487 0.0 -0.0329434 1.33959
1 9.1 -0.195539 -2.0487 0.0 0.0329434 -1.33959
0 9.2 0.192244 2.18266 0.0 -0.0329434 1.33959
1 9.2 -0.192244 -2.18266 0.0 0.0329434 -1.33959
0 9.3 0.18895 2.31662 0.0 -0.0329434 1.33959
1 9.3 -0.18895 -2.31662 0.0 0.0329434 -1.33959
0 9.4 0.185656 2.45058 0.0 -0.0329434 1.33959
1 9.4 -0.185656 -2.45058 0.0 0.0329434 -1.33959
0 9.5 0.182361 2.58454 0.0 -0.0329434 1.33959
1 9.5 -0.182361 -2.58454 0.0 0.0329434 -1.33959
0 9.6 0.179067 2.7185 0.0 -0.0329434 1.33959
1 9.6 -0.179067 -2.7185 0.0 0.0329434 -1.33959
0 9.7 0.175773 2.85246 0.0 -0.0329434 1.33959
1 9.7 -0.175773 -2.85246 0.0 0.0329434 -1.33959
0 9.8 0.172478 2.98642 0.0 -0.0329434 1.33959
1 9.8 -0.172478 -2.98642 0.0 0.0329434 -1.33959
0 9.9 0.169184 3.12038 0.0 -0.0329434 1.3396
1 9.9 -0.169184 -3.12038 0.0 0.0329434 -1.3396
0 10.0 0.16589 3.25434 0.0 -0.0329434 1.33959
1 10.0 -0.16589 -3.25434 0.0 0.0329434 -1.33959
0 10.1 0.162595 3.3883 0.0 -0.0329434 1.3396
1 10.1 -0.162595 -3.3883 0.0 0.0329434 -1.3396
0 10.2 0.159301 3.52226 0.0 -0.0329434 1.33959
1 10.2 -0.159301 -3.52226 0.0 0.0329434 -1.33959
0 10.3 0.156007 3.65622 0.0 -0.0329434 1.33959
1 10.3 -0.156007 -3.65622 0.0 0.0329434 -1.33959
0 10.4 0.152712 3.79018 0.0 -0.0329434 1.3396
1 10.4 -0.152712 -3.79018 0.0 0.0329434 -1.3396
0 10.5 0.149418 3.92414 0.0 -0.0329434 1.3396
1 10.5 -0.149418 -3.92414 0.0 0.0329434 -1.3396
0 10.6 0.146124 4.0581 0.0 -0.0329434 1.33959
1 10.6 -0.146124 -4.0581 0.0 0.0329434 -1.33959
0 10.7 0.142829 4.19206 0.0 -0.0329434 1.3396
1 10.7 -0.142829 -4.19206 0.0 0.0329434 -1.3396
0 10.8 0.139535 4.32602 0.0 -0.0329434 1.33959
1 10.8 -0.139535 -4.32602 0.0 0.0329434 -1.33959
0 10.9 0.136241 4.45997 0.0 -0.0329434 1.3396
1 10.9 -0.136241 -4.45997 0.0 0.0329434 -1.3396
0 11.0 0.132946 4.59393 0.0 -0.0329434 1.33959
1 11.0 -0.132946 -4.59393 0.0 0.0329434 -1.33959
0 11.1 0.129652 4.72789 0.0 -0.0329434 1.33959
1 11.1 -0.129652 -4.72789 0.0 0.0329434 -1.33959
0 11.2 0.126358 4.86185 0.0 -0.0329434 1.33959
1 11.2 -0.126358 -4.86185 0.0 0.0329434 -1.33959
0 11.3 0.123063 4.99581 0.0 -0.0329434 1.33959
1 11.3 -0.123063 -4.99581 0.0 0.0329434 -1.33959
0 11.4 0.119769 5.12977 0.0 -0.0329434 1.3396
1 11.4 -0.119769 -5.12977 0.0 0.0329434 -1.3396
0 11.5 0.116475 5.26373 0.0 -0.0329434 1.33959
1 11.5 -0.116475 -5.26373 0.0 0.0329434 -1.33959
0 11.6 0.11318 5.39769 0.0 -0.0329434 1.33959
1 11.6 -0.11318 -5.39769 0.0 0.0329434 -1.33959
0 11.7 0.109886 5.53165 0.0 -0.0329434 1.33959
1 11.7 -0.109886 -5.53165 0.0 0.0329434 -1.33959
0 11.8 0.106592 5.66561 0.0 -0.0329434 1.33959
1 11.8 -0.106592 -5.66561 0.0 0.0329434 -1.33959
0 11.9 0.103297 5.79957 0.0 -0.0329434 1.3396
1 11.9 -0.103297 -5.79957 0.0 0.0329434 -1.3396
0 12.0 0.100003 5.93353 0.0 -0.0329434 1.3396
1 12.0 -0.100003 -5.93353 0.0 0.0329434 -1.3396
0 12.1 0.0967086 6.06749 0.0 -0.0329434 1.3396
1 12.1 -0.0967086 -6.06749 0.0 0.0329434 -1.3396
0 12.2 0.0934142 6.20145 0.0 -0.0329434 1.33959
1 12.2 -0.0934142 -6.20145 0.0 0.0329434 -1.33959
0 12.3 0.0901199 6.3354 0.0 -0.0329434 1.33959
1 12.3 -0.0901199 -6.3354 0.0 0.0329434 -1.33959
0 12.4 0.0868256 6.46936 0.0 -0.0329434 1.33959
1 12.4 -0.0868256 -6.46936 0.0 0.0329434 -1.33959
0 12.5 0.0835312 6.60332 0.0 -0.0329434 1.3396
1 12.5 -0.0835312 -6.60332 0.0 0.0329434 -1.3396
0 12.6 0.0802369 6.73728 0.0 -0.0329434 1.33959
1 12.6 -0.0802369 -6.73728 0.0 0.0329434 -1.33959
0 12.7 0.0769425 6.87124 0.0 -0.0329434 1.33959
1 12.7 -0.0769425 -6.87124 0.0 0.0329434 -1.33959
0 12.8 0.0736482 7.0052 0.0 -0.0329434 1.33959
1 12.8 -0.0736482 -7.0052 0.0 0.0329434 -1.33959
0 12.9 0.0703539 7.13916 0.0 -0.0329434 1.33959
1 12.9 -0.0703539 -7.13916 0.0 0.0329434 -1.33959
0 13.0 0.0670595 7.27312 0.0 -0.0329434 1.3396
1 13.0 -0.0670595 -7.27312 0.0 0.0329434 -1.3396
0 13.1 0.0637652 7.40708 0.0 -0.0329434 1.33959
1 13.1 -0.0637652 -7.40708 0.0 0.0329434 -1.33959
0 13.2 0.0604709 7.54104 0.0 -0.0329434 1.33959
1 13.2 -0.0604709 -7.54104 0.0 0.0329434 -1.33959
0 13.3 0.0571765 7.675 0.0 -0.0329434 1.3396
1 13.3 -0.0571765 -7.675 0.0 0.0329434 -1.3396
0 13.4 0.0538822 7.80896 0.0 -0.0329434 1.33959
1 13.4 -0.0538822 -7.80896 0.0 0.0329434 -1.33959
0 13.5 0.0505879 7.94292 0.0 -0.0329434 1.33959
1 13.5 -0.0505879 -7.94292 0.0 0.0329434 -1.33959
0 13.6 0.0472935 8.07688 0.0 -0.0329434 1.33959
1 13.6 -0.0472935 -8.07688 0.0 0.0329434 -1.33959
0 13.7 0.0439992 8.21084 0.0 -0.0329434 1.3396
1 13.7 -0.0439992 -8.21084 0.0 0.0329434 -1.3396
0 13.8 0.0407049 8.3448 0.0 -0.0329434 1.33959
1 13.8 -0.0407049 -8.3448 0.0 0.0329434 -1.33959
0 13.9 0.0374105 8.47875 0.0 -0.0329434 1.33959
1 13.9 -0.0374105 -8.47875 0.0 0.0329434 -1.33959
0 14.0 0.0341162 8.61271 0.0 -0.0329434 1.3396
1 14.0 -0.0341162 -8.61271 0.0 0.0329434 -1.3396
0 14.1 0.0308218 8.74667 0.0 -0.0329434 1.33959
1 14.1 -0.0308218 -8.74667 0.0 0.0329434 -1.33959
0 14.2 0.0275275 8.88063 0.0 -0.0329434 1.33959
1 14.2 -0.0275275 -8.88063 0.0 0.0329434 -1.33959
0 14.3 0.0242332 9.01459 0.0 -0.0329434 1.33959
1 14.3 -0.0242332 -9.01459 0.0 0.0329434 -1.33959
0 14.4 0.0209388 9.14855 0.0 -0.0329434 1.33959
1 14.4 -0.0209388 -9.14855 0.0 0.0329434 -1.33959
0 14.5 0.0176445 9.28251 0.0 -0.0329434 1.3396
1 14.5 -0.0176445 -9.28251 0.0 0.0329434 -1.3396
0 14.6 0.0143501 9.41647 0.0 -0.0329434 1.33959
1 14.6 -0.0143501 -9.41647 0.0 0.0329434 -1.33959
0 14.7 0.0110558 9.55043 0.0 -0.0329434 1.3396
1 14.7 -0.0110558 -9.55043 0.0 0.0329434 -1.3396
0 14.8 0.00776145 9.68439 0.0 -0.0329435 1.33959
1 14.8 -0.00776145 -9.68439 0.0 0.0329435 -1.33959
0 14.9 0.0044671 9.81835 0.0 -0.0329435 1.33959
1 14.9 -0.0044671 -9.81835 0.0 0.0329435 -1.33959
