dt: 0.0333333
JOINTS: Hips Spine LeftShoulder LeftArm LeftForeArm LeftHand RightShoulder RightArm RightForeArm RightHand Neck1 LeftUpLeg LeftLeg LeftFoot RightUpLeg RightLeg RightFoot
-0.2283 94.9896 0.0602 2.6644 1.0169 -1.3159 0.1942 0.3792 0.0904 -15.0036 -13.9652 4.12204 -51.0444 -8.8521 -3.9538 20.5749 -5.4826 -27.1678 12.4083 -9.1108 11.6534 16.6848 5.99175 3.01649 53.3351 -15.2788 -8.4985 15.6797 10.6842 20.2134 -7.7306 2.291 16.7574 0 0 1 -27.5436 5.8379 6.6889 66.1921 -0.9401 0.8173 -1.9259 0.4091 -1.3036 -11.5848 -8.7404 2.465 20.3887 7.9561 -0.0153 -9.2298 0.5539 -4.1842
-0.3322 95.5142 5.3886 1.3706 1.0201 -1.3392 0.2148 0.6627 -0.0832 -13.7304 -12.4522 6.07509 -53.3813 -10.1518 0.2006 19.2651 -4.9983 -25.5907 11.213 -10.1404 13.7747 15.3864 7.52519 4.96522 52.9359 -18.8133 -7.8176 15.0243 11.566 30.244 -7.6449 -3.8201 20.3401 0 2 0 -31.053 5.7189 6.192 59.0957 1.1507 -0.0019 -4.5437 0.4126 -0.7739 -6.7146 -9.3599 2.8853 17.5346 8.8176 0.1259 -8.1697 0.7065 -4.9455
-0.4102 95.4369 10.6667 0.2801 0.8954 -1.6187 0.3258 0.908 -0.1417 -13.7304 -12.4522 6.07509 -53.6477 -10.0999 5.0628 19.842 -4.5071 -26.1595 11.3706 -9.6662 12.5841 14.3858 7.49147 4.97427 53.3062 -19.1058 -3.1365 14.8546 12.1908 35.039 -8.8013 -8.0479 20.2938 0 2 0 -33.0509 5.0278 5.6363 49.4291 3.6242 -0.3897 -6.5728 0.3345 -0.001 -2.6782 -9.9896 3.0371 16.558 9.856 0.5482 -8.1545 0.856 -5.3397
-0.4235 94.8838 16.1853 -0.4936 0.692 -1.8693 0.3801 1.0954 -0.1263 -13.4361 -11.9294 8.03753 -54.8893 -9.9045 8.6149 20.6577 -4.4306 -24.9396 11.4025 -10.1513 12.0666 13.0001 8.9088 6.965 53.4906 -18.3295 2.3572 14.0328 11.7696 37.1131 -10.1193 -10.473 19.6944 0.927812 3.99992 -1.06732 -34.3776 4.4346 5.1766 38.9055 4.9511 -0.4442 -6.9557 0.2161 1.2773 1.1499 -10.8511 2.7115 16.7214 11.2062 1.2768 -9.6416 1.1056 -5.9031
-0.4216 93.9941 21.5611 -1.0703 0.5843 -1.9516 0.4556 1.2562 -0.1333 -12.4352 -11.8614 8.05349 -56.697 -10.3773 11.4787 21.1084 -4.0261 -22.8985 10.7574 -11.4261 12.8222 13.0001 8.9088 6.965 53.3159 -16.1439 8.1954 12.4987 9.5557 37.5198 -11.5181 -10.8178 17.796 1.92537 4.00165 -1.13711 -35.6807 4.253 4.7281 28.5495 4.466 -0.0391 -4.4828 0.2018 2.1286 4.307 -11.396 2.0943 17.8134 12.2568 1.9375 -11.3491 1.3684 -6.3322
-0.3513 92.9568 26.8987 -1.6985 0.6567 -1.9341 0.4699 1.4351 -0.1803 -12.0171 -12.285 10.0523 -58.0331 -11.3617 14.3924 21.2694 -3.3094 -21.1664 9.6576 -12.8374 14.5419 11.5302 10.239 8.98915 53.6179 -13.4263 13.7769 10.3508 6.7177 35.874 -13.4809 -8.4505 15.9547 1.78004 5.99924 -2.19804 -37.5121 3.679 4.1602 21.0123 3.5293 0.8399 -2.7541 0.2905 1.2082 6.2721 -11.9938 1.1662 20.5581 13.2861 2.3085 -12.0483 1.5606 -6.4932
-0.1898 91.8923 32.3611 -2.45 0.7746 -1.9103 0.4593 1.6368 -0.2887 -11.018 -12.1826 10.0737 -58.991 -12.5673 16.3735 21.3401 -2.5426 -19.8231 7.7855 -11.8005 17.3341 10.5321 10.1364 9.00947 53.9628 -10.8352 18.1223 8.4536 3.9569 33.6881 -16.0914 -4.2854 14.1541 1.67563 5.99432 -3.19242 -40.6682 3.0444 3.8996 20.1907 2.466 1.655 -4.6929 0.3471 -0.4745 8.2164 -12.4959 0.2766 23.0108 14.069 2.2535 -10.947 1.6454 -6.3587
0.078 90.6942 38.2444 -3.1807 0.7602 -1.8927 0.4369 1.8331 -0.4105 -11.7967 -11.716 12.0124 -58.5691 -13.5593 19.1982 21.7703 -1.7475 -22.0854 5.9125 -5.7249 19.5887 8.98419 11.3401 11.0698 54.6793 -8.9614 19.6381 7.2829 1.6616 33.7128 -19.1813 -0.0542 12.4574 0.575237 6.98935 -3.09254 -42.512 3.5188 4.0831 23.2061 0.3629 1.6894 -8.9861 0.4385 -0.9877 10.2483 -12.9796 -0.5532 25.7964 14.6866 1.6379 -8.4026 1.5874 -6.0953
0.5659 89.3778 44.7211 -3.7207 0.7071 -1.7648 0.3753 1.9821 -0.5175 -11.9978 -11.5099 11.0135 -57.0517 -14.1529 22.737 22.1671 -0.9683 -27.0452 4.8045 1.9781 19.8548 8.36243 10.0772 10.049 55.3767 -7.5136 18.551 7.2516 -0.0674 37.1729 -22.3205 2.8267 11.2128 -0.487087 4.98312 -3.97028 -41.5508 4.7683 4.0072 25.6015 -1.9794 1.205 -9.6102 0.1953 1.1548 11.8653 -13.2897 -1.6166 29.678 14.8544 0.6553 -3.9451 1.391 -5.4222
1.0662 88.6373 51.334 -3.9693 0.9136 -1.358 0.159 2.0307 -0.6753 -12.8005 -12.6104 11.0275 -56.3145 -14.5835 24.8827 21.5492 -0.336 -29.6339 4.1588 7.2677 19.1979 8.36243 10.0772 10.049 56.3898 -6.1655 15.5735 7.8522 -1.621 41.4087 -23.9222 4.7378 10.4882 -0.487087 4.98312 -3.97028 -41.1522 5.334 3.7511 30.2506 -5.1532 0.859 -4.976 0.1309 1.3812 12.6285 -13.3661 -2.4378 32.4831 13.6004 -0.8026 6.7203 1.1152 -3.3831
1.6091 88.4397 57.6437 -3.873 1.3728 -0.7888 -0.1402 1.9606 -0.8684 -12.8005 -12.6104 11.0275 -56.2679 -14.8328 24.582 21.062 -0.5722 -30.5611 3.6646 11.7963 19.6556 10.5308 9.33285 9.97872 56.841 -5.0146 10.5987 8.34 -3.6296 46.0702 -23.9221 5.0797 9.8657 0.627123 6.99078 -3.09938 -40.236 5.2365 3.124 33.2559 -4.2098 0.4689 4.5061 0.1781 0.7698 11.3937 -13.0783 -3.2855 35.7675 9.9581 -1.9663 20.6493 1.2851 -1.4001
2.1016 88.7213 63.4829 -3.4434 1.6568 -0.2549 -0.2565 1.7551 -1.0248 -12.6037 -13.5919 11.0721 -55.3929 -15.2751 24.0941 20.4581 -0.7291 -32.1595 3.1148 15.5072 20.2137 11.5272 9.45247 9.95509 57.9366 -3.9319 5.5716 8.2264 -5.8614 49.4141 -23.1877 5.6631 9.4815 0.627123 6.99078 -3.09938 -39.4873 5.197 2.2625 39.765 -3.6646 0.1818 -2.0236 0.1758 1.5988 9.084 -11.4941 -3.838 39.8265 3.8885 -2.3297 31.2772 1.3672 -1.7749
2.5995 89.9298 69.1913 -2.9508 1.5055 -0.0733 -0.1671 1.4891 -0.9602 -14.4972 -15.2512 10.14 -53.4708 -15.4087 23.208 19.369 -0.2538 -32.0974 2.4466 16.3196 19.5964 10.9876 7.97153 7.96745 61.3887 -2.7829 2.5871 8.1958 -7.5815 47.4262 -22.1812 8.0338 8.7085 -0.174276 3.99697 -1.9924 -35.3597 5.3289 1.2783 40.6061 -3.7763 0.3557 -6.7636 0.1658 2.0716 3.1118 -10.5857 -4.3328 47.4027 -0.1086 -2.3981 32.0673 0.9001 -5.0138
3.0007 91.719 74.7921 -2.5317 1.13 -0.3081 -0.029 1.2081 -0.7994 -15.8708 -15.7821 8.16205 -54.3016 -14.6091 18.2489 18.2315 -0.7383 -26.8588 2.7051 12.9002 19.8094 12.2557 7.63695 5.97603 63.0272 -1.9916 -0.0064 9.0905 -8.8657 43.0187 -20.9168 9.9268 7.235 0.946297 2.99995 -1.05096 -29.0567 5.6503 0.7341 37.3335 -4.3525 0.6485 -9.3662 0.1412 2.3765 -3.4664 -9.4288 -4.0844 53.4992 -1.6003 -1.9817 26.6902 0.5248 -8.5296
3.2347 93.4608 80.1986 -1.8701 0.8598 -0.8707 0.0764 0.8761 -0.5222 -15.5136 -14.2152 6.14509 -55.5717 -12.5527 12.5981 17.7519 -0.9366 -22.7147 2.7585 9.0053 18.9816 13.5106 7.22502 4.00209 63.4697 -2.186 -2.5167 10.6388 -9.0993 37.2249 -19.5123 11.3115 5.6743 0.982396 0.999995 -1.0173 -22.175 6.9363 0.9782 32.0229 -6.4914 0.8487 -10.6185 0.0902 2.8511 -10.9985 -8.3905 -3.175 57.8761 -2.0962 -1.2549 17.4335 0.7114 -10.9711
3.4176 94.9369 85.6732 -0.566 0.8724 -1.4534 0.1044 0.4525 -0.2063 -15.5152 -14.5085 6.10785 -55.8128 -10.2905 8.5608 17.857 -0.9583 -22.3107 2.3422 6.1725 17.1243 15.4735 6.52894 4.95457 63.4659 -3.0316 -3.5394 12.4988 -7.6654 29.1098 -18.0697 13.0355 4.5795 1.99878 2.00122 -0.0698273 -14.8979 8.3153 1.1543 25.052 -9.3211 0.9288 -10.8597 0.0215 3.6491 -17.4674 -7.6424 -2.1696 57.8113 -2.8477 -0.3214 8.131 1.3423 -11.5707
3.5413 95.7552 90.7646 1.2604 1.1636 -1.6206 0.1489 -0.0124 -0.0103 -14.9292 -14.9626 4.14062 -55.3274 -8.3959 6.0197 18.1669 -1.2511 -25.9897 1.7551 4.7711 14.7026 16.7377 4.99313 3.01144 62.5237 -4.4934 -3.8214 13.6118 -5.4079 21.2568 -16.2576 14.1464 4.1358 3 0 0 -8.9855 9.0076 0.983 19.2969 -11.8754 0.9185 -10.0378 0.0422 4.0924 -23.1622 -7.1229 -1.7786 53.8898 -3.7483 0.3651 0.9102 1.6498 -10.7787
3.613 95.805 95.7653 3.028 1.5465 -1.1865 0.1917 -0.4048 0.0185 -13.9292 -14.9626 4.14062 -53.7791 -6.9856 4.698 18.4664 -1.082 -33.0476 1.0524 4.9251 11.9324 17.7903 3.99451 3.00731 61.4608 -5.7694 -4.5647 14.1081 -2.842 14.8476 -14.7494 14.2797 3.1347 3 0 0 -3.7286 9.8475 0.7373 14.5504 -14.5121 0.4506 -10.2018 0.1487 3.9484 -27.7438 -6.3562 -2.127 46.5037 -4.4997 0.5431 -3.2659 1.7459 -9.6273
3.6611 95.1692 101.03 4.2717 1.8002 -0.4006 0.2281 -0.6633 -0.0548 -13.4414 -14.5064 2.12713 -52.379 -5.6678 2.3646 18.2437 -0.8553 -39.708 0.8431 5.287 9.5796 19.9105 3.31532 1.12232 59.4233 -6.812 -8.4888 14.6453 -1.3465 13.8761 -13.0011 12.2578 1.6292 2.99817 -2.00274 0.104794 1.4145 10.829 0.3241 11.0521 -17.1574 0.0019 -12.1389 0.1628 4.4201 -30.6227 -5.3714 -2.7327 36.951 -4.6438 0.0486 -6.1711 1.7072 -8.87
3.72 94.038 106.412 4.9926 1.8656 0.3774 0.3206 -0.8168 -0.1016 -13.4028 -15.5057 2.13711 -50.57 -5.3072 0.2666 17.2827 -0.4701 -45.694 1.496 5.4458 7.5317 18.9118 3.34823 1.11071 58.6321 -6.636 -10.2126 15.8797 1.5342 10.804 -12.2272 11.8215 0.1595 2.99817 -2.00274 0.104794 4.9225 11.9785 0.4242 11.3494 -19.423 -0.6807 -14.9362 0.133 5.1387 -32.8819 -4.3972 -3.3164 27.0228 -4.4874 -0.869 -9.1059 1.6306 -7.6611
3.7241 92.7514 111.884 5.5451 1.8459 0.9963 0.4115 -0.951 -0.1781 -13.9356 -14.033 0.122075 -48.9854 -4.8734 -2.9219 16.1035 -0.0152 -49.3646 3.0519 4.76 5.9512 19.9949 1.63264 -0.759577 57.9299 -6.0333 -12.953 17.7144 2.3492 10.2487 -9.9363 9.7886 -0.2993 1.92537 -4.00165 1.13711 5.7668 12.7625 1.1881 16.6693 -21.1482 -1.1733 -16.148 0.0144 6.4001 -34.3933 -3.864 -3.9247 17.094 -4.1609 -1.597 -11.9638 1.2412 -4.6704
3.6717 91.2931 117.49 6.2438 1.8647 1.4248 0.4606 -1.1181 -0.1749 -13.9356 -14.033 0.122075 -47.903 -5.035 -5.9209 14.9887 0.3621 -51.5124 5.7959 2.8236 5.1928 19.9949 1.63264 -0.759577 58.2699 -5.3716 -15.9484 19.6434 2.2439 10.914 -6.9341 6.6661 0.4506 1.99513 -4.00243 0.139569 5.9563 12.2802 1.9887 23.3237 -21.5985 -1.0854 -16.2531 -0.0899 7.5653 -36.2117 -4.0545 -4.6556 11.5219 -2.8267 -1.7999 -14.9721 0.1089 -0.4841
3.5063 89.9185 123.096 7.1054 1.9741 1.6156 0.4694 -1.3003 -0.0572 -14.9263 -14.9655 0.140624 -46.4164 -6.0893 -7.4871 14.279 0.564 -52.6879 9.4701 -0.186 4.8495 18.9843 0.698487 -0.782581 58.1874 -4.9456 -19.3704 21.6798 1.4141 14.2336 -4.0739 1.759 1.9182 0.927812 -3.99992 1.06732 6.8816 11.5774 2.3425 28.2661 -21.3172 0.2343 -14.2919 0.061 7.6301 -39.2372 -3.9725 -5.0677 14.0241 -1.4695 -1.7881 -17.1922 -0.7343 2.0285
3.0915 88.7274 129.136 7.8783 2.1943 1.4395 0.3534 -1.4417 0.1263 -15.4329 -14.4417 -1.85495 -45.7076 -6.9409 -8.2408 14.0462 0.5334 -53.0274 12.8402 -3.2947 4.7855 19.9912 -0.0509306 -2.63888 57.9493 -5.1485 -22.5822 22.6565 0.6162 16.804 -2.014 -2.6849 3.2377 -0.209015 -4.99637 1.98905 9.8878 12.3453 2.9528 28.8327 -21.9322 2.0853 -11.2375 0.2304 6.7796 -42.5278 -3.7883 -4.742 22.3812 -0.7988 -1.7963 -16.3515 -0.3128 1.5038
2.5508 88.1576 135.439 8.1904 2.5701 0.8485 0.0876 -1.4735 0.327 -16.15 -15.3474 -0.797284 -44.1916 -7.4809 -6.7852 14.2335 0.58 -53.4433 15.3392 -5.5036 4.3023 18.95 -0.951307 -2.67412 58.2125 -5.8856 -23.9518 22.7118 0.1401 16.3129 -0.7552 -5.715 4.5266 -0.313444 -4.99184 2.9836 12.1565 12.1021 3.8719 29.1427 -20.4057 3.1867 -7.5228 0.1169 6.1687 -43.2279 -4.1743 -3.6591 27.9147 -0.4139 -1.8891 -9.6654 0.3842 -0.0012
1.9398 88.1534 141.48 7.8287 3.0491 -0.0523 -0.19 -1.3179 0.4449 -16.15 -15.3474 -0.797284 -43.976 -7.6008 -6.0994 15.1969 -0.0829 -51.8122 16.9714 -7.1065 3.9321 19.9626 -1.05083 -3.63885 57.7996 -6.0725 -25.4658 22.8058 -0.6885 18.2294 0.4699 -9.3795 4.7895 -0.209015 -4.99637 1.98905 5.1738 11.3354 5.5679 44.9899 -15.5651 5.0434 0.9704 -0.0412 6.9369 -42.5587 -4.6058 -2.7827 30.4876 -0.0335 -1.0295 0.0957 0.5038 0.3677
1.3719 88.8642 147.362 7.1666 3.3412 -1.1196 -0.3257 -1.0826 0.6491 -14.6656 -15.2208 1.14201 -45.0157 -6.7572 -7.4899 16.3354 -1.2809 -47.0644 17.7441 -8.166 3.5392 19.9685 0.974344 0.180618 56.701 -7.121 -25.6108 22.4197 -0.1074 19.626 0.5502 -10.7885 6.1021 -0.104651 -2.99818 1.99726 0.0906 9.7152 7.1254 53.9549 -8.6783 4.6757 8.0138 -0.2508 4.6692 -40.1554 -5.1896 -1.359 31.2169 0.238 -0.1666 4.9884 0.4361 -0.7105
0.7151 90.0244 153.054 6.6753 3.1428 -1.9666 -0.2568 -0.8753 0.7926 -14.6656 -15.2208 1.14201 -45.3891 -5.8027 -9.1415 17.8613 -2.7274 -41.4522 17.7271 -8.0391 3.1509 19.9653 1.97434 0.180699 55.3219 -9.4515 -24.313 21.2089 1.2095 20.6414 -0.7056 -9.2068 9.6444 -1.05096 -3.00005 0.946296 -5.8321 8.7004 8.2712 61.8702 -3.8542 4.1021 17.1471 0.6051 8.4626 -36.9874 -6.1599 0.417 33.4189 0.5884 -0.2354 0.933 0.3885 -2.3032
0.3217 91.5438 158.727 6.2971 2.4938 -2.2595 -0.0794 -0.6758 0.8097 -14.1294 -15.7182 3.15202 -46.5588 -4.6672 -10.6035 18.9921 -3.8727 -34.5322 17.2166 -8.1529 2.8931 19.8532 3.65541 2.06446 54.4911 -10.7116 -21.3539 20.1031 2.2763 21.1903 -2.455 -5.6552 12.1018 -2.01715 -1.00047 0.964934 -11.4805 7.4207 8.2476 67.8404 -3.5814 3.495 16.7041 1.2688 12.1358 -31.2819 -7.4764 1.486 32.1887 1.8962 -0.4373 -3.1213 0.4612 -3.1216
0.0736 93.0117 164.579 5.6011 1.7518 -2.0588 0.0665 -0.4027 0.6362 -15.1849 -14.7028 3.14167 -47.5078 -5.3199 -10.443 19.8615 -5.5364 -29.2287 15.8962 -8.3562 5.0946 19.8171 4.65476 2.06708 54.8714 -9.8532 -17.2107 19.4158 2.8752 21.3097 -4.4574 -1.751 11.4511 -0.999848 -1.00015 -0.0174542 -16.6813 6.1739 7.406 70.1779 -3.8704 2.7514 9.5517 0.6766 11.5075 -24.6135 -8.0844 1.9617 29.1808 3.5315 -0.3525 -6.0159 0.4582 -3.0286
-0.1018 94.1848 170.357 4.3546 1.2332 -1.6525 0.1251 -0.0355 0.3546 -15.0036 -13.9652 4.12204 -49.2886 -7.3586 -8.7867 20.3022 -6.9949 -26.0122 14.1765 -8.9585 9.3194 18.7377 4.99313 3.01144 54.6109 -10.2295 -13.2955 18.2642 4.974 21.5869 -6.5293 1.0362 11.5512 0 0 0 -21.8637 5.7204 6.792 69.2462 -2.3142 1.8625 2.7214 0.2051 5.4168 -17.9978 -8.5372 2.2376 25.3064 5.6451 -0.2125 -8.0994 0.4976 -3.6605
-0.2283 94.9896 175.786 2.6644 1.0169 -1.3159 0.1942 0.3792 0.0904 -15.0036 -13.9652 4.12204 -51.0444 -8.8521 -3.9537 20.5749 -5.4826 -27.1679 12.4083 -9.1108 11.6534 16.6848 5.99175 3.01649 53.3351 -15.2787 -8.4985 15.6797 10.6842 20.2134 -7.7306 2.291 16.7574 0 0 1 -27.5436 5.8379 6.6889 66.1921 -0.9401 0.8173 -1.9259 0.4091 -1.3036 -11.5847 -8.7404 2.465 20.3886 7.9561 -0.0153 -9.2297 0.5539 -4.1844
