dt: 0.0333333
JOINTS: Hips Spine LeftShoulder LeftArm LeftForeArm LeftHand RightShoulder RightArm RightForeArm RightHand Neck1 LeftUpLeg LeftLeg LeftFoot RightUpLeg RightLeg RightFoot
0.2259 94.9928 0.0655 -2.6647 1.0169 1.3224 0.1942 -0.3789 -0.0969 -16.6848 -5.99175 3.01649 -53.3351 -15.2788 8.4985 15.6797 -10.6842 -20.2134 7.7305 -2.291 16.7574 15.0036 13.9652 4.12204 51.0444 -8.852 3.9538 20.5749 5.4826 27.1678 -12.4083 9.1108 11.6534 0 0 -1 -11.5998 8.7498 -2.5105 20.4428 -7.9428 0.0173 -9.2613 -0.566 4.3925 -27.5353 -5.8244 -6.7102 66.1847 0.9514 -0.8174 -1.9263 -0.4103 1.3207
0.332 95.517 5.3944 -1.371 1.0201 1.3442 0.2147 -0.6623 0.0782 -15.8586 -6.44759 1.08423 -52.9359 -18.8133 7.8176 15.0243 -11.5661 -30.244 7.6449 3.8201 20.3401 14.5526 11.4745 2.11021 53.3813 -10.1518 -0.2006 19.2651 4.9983 25.5907 -11.213 10.1404 13.7747 0 -2 0 -6.8224 9.367 -2.8844 17.8621 -8.8126 -0.1248 -8.6677 -0.7317 4.9844 -31.0451 -5.7068 -6.2138 59.0906 -1.1395 0.002 -4.5454 -0.4145 0.7919
0.4101 95.4399 10.6721 -0.2808 0.8954 1.6232 0.3257 -0.9074 0.1372 -14.8603 -6.48124 1.07492 -53.3063 -19.1058 3.1365 14.8546 -12.1907 -35.039 8.8012 8.048 20.2937 14.5526 11.4745 2.11021 53.6477 -10.0999 -5.0628 19.842 4.5072 26.1595 -11.3706 9.6662 12.5841 0 -2 0 -2.8566 9.9987 -3.0086 17.1684 -9.8432 -0.5478 -9.2889 -0.914 5.3902 -33.0434 -5.018 -5.6578 49.4257 -3.6145 0.3901 -6.5751 -0.3368 0.0186
0.4234 94.8867 16.1903 0.4926 0.6921 1.873 0.38 -1.0944 0.1225 -14.0908 -7.0321 -0.888107 -53.4906 -18.3295 -2.3572 14.0328 -11.7697 -37.1131 10.1193 10.473 19.6944 14.9388 9.96548 0.137936 54.8893 -9.9045 -8.6149 20.6577 4.4306 24.9396 -11.4025 10.1513 12.0665 0.927812 -3.99992 1.06732 1.0046 10.8575 -2.6818 17.2558 -11.1927 -1.2775 -10.6976 -1.1644 5.942 -34.371 -4.4272 -5.1977 38.9036 -4.9427 0.4452 -6.9586 -0.2185 -1.2601
0.4216 93.9965 21.5651 1.0693 0.5844 1.9543 0.4555 -1.2552 0.1306 -14.0908 -7.0321 -0.888107 -53.3159 -16.1439 -8.1954 12.4987 -9.5557 -37.5198 11.5182 10.8178 17.796 13.9443 10.033 0.120271 56.697 -10.3773 -11.4787 21.1084 4.0261 22.8985 -10.7574 11.4261 12.8222 1.92537 -4.00165 1.13711 4.2153 11.3992 -2.074 18.1892 -12.2442 -1.9395 -12.1463 -1.415 6.3532 -35.6762 -4.2478 -4.7484 28.5496 -4.4588 0.0405 -4.4858 -0.204 -2.1115
0.3515 92.9576 26.8999 1.698 0.6568 1.9349 0.4699 -1.4346 0.1795 -13.3804 -7.64147 -2.87204 -53.6179 -13.4263 -13.7769 10.3508 -6.7177 -35.874 13.4809 8.4505 15.9547 14.279 9.54536 -1.84803 58.0331 -11.3617 -14.3924 21.2694 3.3093 21.1664 -9.6576 12.8374 14.5419 1.78004 -5.99924 2.19804 6.2639 11.9965 -1.1785 20.6399 -13.2759 -2.3104 -12.2678 -1.58 6.5382 -37.5113 -3.6753 -4.1784 21.0151 -3.5243 -0.84 -2.7563 -0.2926 -1.1902
0.1898 91.8927 32.3612 2.4498 0.7746 1.9106 0.4593 -1.6365 0.2883 -12.389 -7.74337 -2.89556 -53.9628 -10.8352 -18.1223 8.4536 -3.9569 -33.6882 16.0914 4.2854 14.1541 13.2887 9.64687 -1.87329 58.991 -12.5673 -16.3735 21.3401 2.5426 19.8231 -7.7855 11.8005 17.3341 1.67563 -5.99432 3.19242 8.2174 12.4992 -0.2944 23.0177 -14.0662 -2.2536 -10.9499 -1.6481 6.3772 -40.6679 -3.041 -3.9173 20.1923 -2.4615 -1.6554 -4.6936 -0.3499 0.4923
-0.078 90.6946 38.2445 3.1804 0.7602 1.893 0.4369 -1.8328 0.4102 -11.7468 -8.44223 -4.90645 -54.6793 -8.9614 -19.6381 7.283 -1.6616 -33.7128 19.1813 0.0542 12.4574 14.5289 8.04886 -3.80067 58.5691 -13.5593 -19.1982 21.7703 1.7476 22.0854 -5.9125 5.7249 19.5887 0.575237 -6.98935 3.09254 10.2494 12.9834 0.5349 25.8036 -14.6827 -1.6371 -8.4057 -1.5896 6.1134 -42.5122 -3.5149 -4.101 23.2074 -0.3581 -1.6893 -8.9867 -0.4422 1.0051
-0.5659 89.3781 44.7213 3.7204 0.7071 1.7652 0.3753 -1.9819 0.517 -10.5414 -7.76651 -3.92992 -55.3767 -7.5136 -18.551 7.2516 0.0675 -37.1729 22.3205 -2.8267 11.2127 14.3898 8.29856 -2.8224 57.0517 -14.1529 -22.7369 22.1671 0.9683 27.0452 -4.8045 -1.978 19.8548 -0.487087 -4.98312 3.97028 11.8665 13.2943 1.5975 29.6855 -14.849 -0.6531 -3.9484 -1.3924 5.4396 -41.5512 -4.7639 -4.0255 25.6018 1.9848 -1.2044 -9.6104 -0.1992 -1.1379
-1.0662 88.6375 51.3342 3.9691 0.9136 1.3584 0.159 -2.0305 0.6748 -10.5414 -7.76651 -3.92992 -56.3898 -6.1654 -15.5735 7.8522 1.621 -41.4087 23.9222 -4.7378 10.4882 15.4272 9.1796 -2.79822 56.3145 -14.5835 -24.8827 21.5492 0.336 29.6339 -4.1588 -7.2677 19.1979 -0.487087 -4.98312 3.97028 12.6302 13.3713 2.4182 32.4891 -13.5931 0.8056 6.7174 -1.1148 3.4 -41.1526 -5.3287 -3.7703 30.2488 5.1604 -0.8567 -4.9751 -0.1342 -1.3649
-1.6028 88.441 57.6375 3.8715 1.3728 0.7898 -0.1402 -1.9591 0.8674 -12.4518 -6.52999 -3.87242 -56.841 -5.0146 -10.5987 8.34 3.6296 -46.0703 23.9221 -5.0797 9.8657 15.4272 9.1796 -2.79822 56.2679 -14.8328 -24.582 21.062 0.5722 30.5611 -3.6646 -11.7963 19.6556 0.627123 -6.99078 3.09938 11.3881 13.0861 3.2606 35.7798 -9.9446 1.9696 20.647 -1.2816 1.422 -40.2524 -5.231 -3.1508 33.303 4.2539 -0.4657 4.383 -0.2075 -0.7504
-2.094 88.7244 63.4854 3.4421 1.6568 0.248 -0.2562 -1.7538 1.0317 -13.4413 -6.41122 -3.84495 -57.9366 -3.9319 -5.5716 8.2264 5.8614 -49.4141 23.1877 -5.6631 9.4815 15.4768 10.1784 -2.80656 55.3929 -15.2751 -24.0941 20.4581 0.7292 32.1594 -3.1148 -15.5072 20.2137 0.627123 -6.99078 3.09938 9.0926 11.501 3.8185 39.8129 -3.8703 2.3308 31.2823 -1.3619 1.7947 -39.477 -5.194 -2.2814 39.7488 3.7134 -0.1763 -2.0182 -0.2139 -1.581
-2.5922 89.9323 69.1943 2.9503 1.5055 0.0671 -0.1669 -1.4886 0.9664 -12.1874 -5.95788 -1.90124 -61.3887 -2.7829 -2.5871 8.1958 7.5815 -47.4262 22.1812 -8.0338 8.7086 16.8851 12.5397 0.222681 53.4708 -15.4087 -23.208 19.369 0.2538 32.0974 -2.4466 -16.3196 19.5963 -0.174276 -3.99697 1.9924 3.1189 10.5938 4.3141 47.3905 0.1272 2.3985 32.0708 -0.8943 5.0343 -35.3512 -5.3245 -1.2984 40.5929 3.8239 -0.3488 -6.7597 -0.204 -2.0576
-2.9937 91.7216 74.7954 2.5316 1.13 0.3016 -0.0289 -1.208 0.8059 -12.9734 -6.32543 0.0772195 -63.0272 -1.9916 0.0065 9.0905 8.8657 -43.0187 20.9168 -9.9268 7.235 17.4043 14.0626 2.21264 54.3016 -14.6091 -18.2489 18.2315 0.7383 26.8588 -2.7051 -12.9002 19.8094 0.946297 -2.99995 1.05096 -3.4601 9.4376 4.0667 53.4878 1.6187 1.9819 26.693 -0.5201 8.5501 -29.0471 -5.6456 -0.7542 37.3176 4.3978 -0.6398 -9.3608 -0.1788 -2.3647
-3.2282 93.4642 80.2024 1.8702 0.8598 0.8631 0.0766 -0.8762 0.5298 -13.7489 -6.75368 2.04387 -63.4697 -2.186 2.5167 10.6388 9.0993 -37.225 19.5123 -11.3115 5.6743 15.9916 13.6721 4.16176 55.5717 -12.5528 -12.5981 17.7519 0.9366 22.7147 -2.7586 -9.0053 18.9816 0.982396 -0.999995 1.0173 -10.9918 8.3992 3.1588 57.8641 2.1134 1.255 17.4366 -0.7086 10.9915 -22.1612 -6.9325 -0.9937 31.9979 6.5313 -0.844 -10.6085 -0.1264 -2.8367
-3.4166 94.9387 85.682 0.5665 0.8723 1.4474 0.1045 -0.4531 0.2123 -15.8776 -5.44777 1.08226 -63.4659 -3.0316 3.5394 12.4988 7.6654 -29.1098 18.0696 -13.0355 4.5795 16.4712 13.4059 2.14571 55.8128 -10.2905 -8.5608 17.857 0.9584 22.3107 -2.3422 -6.1725 17.1243 1.99878 -2.00122 0.0698273 -17.4578 7.6494 2.1563 57.8013 2.86 0.3215 8.1301 -1.3421 11.5876 -14.9207 -8.3198 -1.1306 25.1199 9.2944 -0.9477 -10.9007 -0.0016 -3.8606
-3.5409 95.758 90.7734 -1.2598 1.1636 1.6139 0.1489 0.0118 0.017 -16.7377 -4.99313 3.01144 -62.5237 -4.4934 3.8215 13.6117 5.4079 -21.2568 16.2576 -14.1464 4.1358 14.9292 14.9626 4.14062 55.3274 -8.3959 -6.0197 18.1669 1.2511 25.9897 -1.7551 -4.7711 14.7026 3 0 0 -23.1529 7.1288 1.7662 53.8798 3.7583 -0.3648 0.9094 -1.6508 10.7955 -9.083 -9.0019 -1.0035 19.5212 11.8697 -0.933 -10.2072 -0.038 -4.091
-3.6126 95.8087 95.7737 -3.0273 1.5465 1.1795 0.1917 0.4041 -0.0115 -17.7903 -3.99451 3.00731 -61.4608 -5.7694 4.5647 14.1081 2.8421 -14.8476 14.7494 -14.2797 3.1347 13.9292 14.9626 4.14062 53.7791 -6.9856 -4.698 18.4664 1.082 33.0476 -1.0524 -4.9251 11.9324 3 0 0 -27.735 6.3613 2.1147 46.4936 4.507 -0.5423 -3.2664 -1.7478 9.6446 -3.8474 -9.8407 -0.7731 14.8468 14.5076 -0.4522 -10.5257 -0.1354 -3.9685
-3.6607 95.1741 101.039 -4.2705 1.8002 0.3926 0.228 0.6621 0.063 -19.6477 -4.66939 4.89541 -59.4233 -6.812 8.4888 14.6453 1.3465 -13.8761 13.0011 -12.2578 1.6292 12.3996 15.4011 6.16253 52.379 -5.6678 -2.3646 18.2437 0.8553 39.708 -0.8431 -5.287 9.5797 2.99817 2.00274 -0.104794 -30.6123 5.3755 2.7208 36.9395 4.6477 -0.0472 -6.172 -1.7096 8.8874 1.2771 -10.8233 -0.3644 11.3738 17.1522 -0.0026 -12.4236 -0.1468 -4.4506
-3.7197 94.0425 106.422 -4.991 1.8656 -0.3835 0.3205 0.8152 0.1078 -18.6474 -4.63642 4.9069 -58.6321 -6.636 10.2126 15.8797 -1.5342 -10.804 12.2272 -11.8215 0.1595 12.2877 16.3953 6.19318 50.57 -5.3072 -0.2666 17.2827 0.4701 45.694 -1.4961 -5.4458 7.5317 2.99817 2.00274 -0.104794 -32.8736 4.401 3.3029 27.0165 4.4885 0.87 -9.1098 -1.6338 7.6785 4.7678 -11.9733 -0.4745 11.7094 19.4218 0.6804 -15.2522 -0.1112 -5.1814
-3.7238 92.7543 111.892 -5.5434 1.846 -0.9994 0.4115 0.9494 0.1813 -19.6012 -4.3462 6.77713 -57.9299 -6.0333 12.953 17.7144 -2.3492 -10.2487 9.9362 -9.7886 -0.2993 11.8532 15.8213 8.19281 48.9854 -4.8734 2.9219 16.1035 0.0152 49.3646 -3.0519 -4.76 5.9512 1.92537 4.00165 -1.13711 -34.39 3.8669 3.909 17.0958 4.1606 1.5966 -11.9703 -1.245 4.688 5.6685 -12.7493 -1.2712 17.1357 21.1462 1.1723 -17.3239 0.061 -6.4498
-3.6713 91.2949 117.496 -6.2424 1.8648 -1.4264 0.4605 1.1167 0.1766 -19.6012 -4.3462 6.77713 -58.2699 -5.3716 15.9484 19.6434 -2.2438 -10.914 6.9341 -6.6661 0.4506 11.8532 15.8213 8.19281 47.903 -5.035 5.9209 14.9887 -0.3621 51.5124 -5.7959 -2.8236 5.1928 1.99513 4.00243 -0.139569 -36.2111 4.0567 4.6384 11.5259 2.8258 1.7996 -14.9779 -0.1131 0.5018 5.9063 -12.2633 -2.0643 23.6671 21.5746 1.085 -17.2808 0.1543 -7.5475
-3.5064 89.918 123.096 -7.1056 1.9741 -1.6152 0.4694 1.3006 0.0568 -18.7205 -3.28731 6.7922 -58.1874 -4.9456 19.3704 21.6798 -1.4141 -14.2336 4.0739 -1.759 1.9182 12.7064 16.8792 8.21922 46.4164 -6.0893 7.4871 14.2791 -0.564 52.6878 -9.4701 0.186 4.8495 0.927812 3.99992 -1.06732 -39.2379 3.9749 5.0499 14.024 1.4713 1.7878 -17.1922 0.7295 -2.0111 6.8788 -11.5732 -2.3608 28.2579 21.3206 -0.2329 -14.2879 -0.0643 -7.6119
-3.0915 88.727 129.136 -7.8786 2.1943 -1.4391 0.3534 1.4419 -0.1267 -19.5979 -4.02607 8.65652 -57.9492 -5.1485 22.5822 22.6565 -0.6163 -16.804 2.014 2.6849 3.2377 12.1056 17.309 10.2628 45.7076 -6.9409 8.2408 14.0462 -0.5334 53.0274 -12.8402 3.2947 4.7855 -0.209015 4.99637 -1.98905 -42.5279 3.792 4.7243 22.38 0.8024 1.796 -16.3509 0.3078 -1.4867 9.884 -12.341 -2.9711 28.8263 21.9362 -2.0841 -11.2343 -0.233 -6.7615
-2.5508 88.1572 135.439 -8.1907 2.5701 -0.8482 0.0876 1.4737 -0.3272 -18.7523 -2.93877 8.68175 -58.2125 -5.8856 23.9518 22.7118 -0.1401 -16.3129 0.7552 5.715 4.5266 12.6174 18.3401 11.3481 44.1915 -7.4809 6.7852 14.2335 -0.58 53.4433 -15.3393 5.5036 4.3023 -0.313444 4.99184 -2.9836 -43.2282 4.1791 3.6405 27.9142 0.4198 1.8907 -9.665 -0.3882 0.0177 12.1526 -12.0976 -3.8903 29.1376 20.4103 -3.1853 -7.5202 -0.1188 -6.1509
-1.9496 88.1561 141.468 -7.826 3.0491 0.0532 -0.1899 1.3152 -0.4457 -19.7659 -3.03992 7.64647 -57.7996 -6.0725 25.4658 22.8058 0.6885 -18.2294 -0.47 9.3796 4.7895 12.6174 18.3401 11.3481 43.976 -7.6008 6.0994 15.1969 0.0829 51.8122 -16.9714 7.1065 3.9321 -0.209015 4.99637 -1.98905 -42.8236 4.6018 2.7822 30.8303 0.0205 1.0458 0.4523 -0.4617 -0.3541 5.1596 -11.3311 -5.578 44.9983 15.5667 -5.0433 0.974 0.0408 -6.9267
-1.3788 88.8646 147.357 -7.1661 3.3412 1.1187 -0.3257 1.0821 -0.6481 -19.7717 -3.01533 5.82654 -56.701 -7.121 25.6108 22.4197 0.1074 -19.626 -0.5502 10.7885 6.1021 13.0002 16.6568 7.20098 45.0157 -6.7572 7.4899 16.3354 1.2809 47.0644 -17.7441 8.166 3.5392 -0.104651 2.99818 -1.99726 -40.1626 5.1961 1.3477 31.2347 -0.268 0.1675 4.942 -0.4058 0.7213 0.0846 -9.7093 -7.1374 53.9593 8.6857 -4.6759 8.0144 0.2515 -4.6573
-0.7158 90.0264 153.061 -6.675 3.1427 1.9738 -0.2566 0.875 -0.7998 -19.67 -4.01016 5.83277 -55.3219 -9.4515 24.313 21.2089 -1.2095 -20.6414 0.7056 9.2068 9.6444 13.0002 16.6568 7.20098 45.3891 -5.8027 9.1415 17.8612 2.7274 41.4522 -17.7271 8.0391 3.1508 -1.05096 3.00005 -0.946296 -37.0276 6.1685 -0.4381 33.4754 -0.5806 0.2369 1.0217 -0.3859 2.3211 -5.8222 -8.6876 -8.2942 61.8581 3.8666 -4.1017 17.1493 -0.6025 -8.4423
-0.3222 91.5454 158.734 -6.2972 2.4938 2.2658 -0.0793 0.6759 -0.8159 -19.7218 -4.33253 3.95094 -54.4911 -10.7115 21.3539 20.1031 -2.2763 -21.1903 2.4551 5.6552 12.1017 13.5741 16.1971 5.17168 46.5588 -4.6672 10.6035 18.9921 3.8727 34.5322 -17.2167 8.1529 2.8931 -2.01715 1.00047 -0.964934 -31.3211 7.4853 -1.5069 32.2427 -1.8873 0.4406 -3.0204 -0.4585 3.1395 -11.4709 -7.4065 -8.27 67.8305 3.5957 -3.4949 16.7051 -1.2663 -12.1159
-0.0769 93.0137 164.583 -5.6012 1.7518 2.0643 0.0666 0.4027 -0.6416 -19.6526 -5.33015 3.95677 -54.8714 -9.8532 17.2106 19.4158 -2.8752 -21.3097 4.4574 1.751 11.4511 14.6685 15.218 5.14198 47.5078 -5.3199 10.443 19.8615 5.5364 29.2287 -15.8962 8.3562 5.0946 -0.999848 1.00015 0.0174542 -24.6317 8.0989 -2.007 29.2319 -3.5225 0.3563 -6.0447 -0.4602 3.2389 -16.6747 -6.1605 -7.4258 70.1706 3.8826 -2.7514 9.5526 -0.6758 -11.4903
0.0988 94.1873 170.362 -4.3548 1.2332 1.6582 0.1251 0.0356 -0.3604 -18.7377 -4.99313 3.01144 -54.611 -10.2295 13.2955 18.2642 -4.9739 -21.5869 6.5292 -1.0362 11.5512 15.0036 13.9652 4.12204 49.2886 -7.3586 8.7867 20.3021 6.995 26.0122 -14.1765 8.9585 9.3194 0 0 0 -18.015 8.5496 -2.2833 25.3598 -5.6346 0.217 -8.1299 -0.504 3.8688 -21.8568 -5.7069 -6.8122 69.2393 2.3257 -1.8626 2.7217 -0.2054 -5.3998
0.2259 94.9928 175.791 -2.6647 1.0169 1.3224 0.1942 -0.3789 -0.0969 -16.6848 -5.99175 3.01649 -53.3351 -15.2787 8.4985 15.6797 -10.6843 -20.2134 7.7305 -2.291 16.7574 15.0036 13.9652 4.12204 51.0444 -8.8521 3.9537 20.5749 5.4826 27.1679 -12.4083 9.1108 11.6534 0 0 -1 -11.5998 8.7498 -2.5104 20.4428 -7.9428 0.0173 -9.2613 -0.566 4.3925 -27.5353 -5.8244 -6.7102 66.1847 0.9514 -0.8174 -1.9262 -0.4103 1.3207
